-100.00000 0.62877
-99.95833 0.62905
-99.91667 0.62933
-99.87500 0.62960
-99.83333 0.62987
-99.79167 0.63014
-99.75000 0.63040
-99.70833 0.63066
-99.66667 0.63092
-99.62500 0.63117
-99.58333 0.63142
-99.54167 0.63167
-99.50000 0.63191
-99.45833 0.63215
-99.41667 0.63238
-99.37500 0.63262
-99.33333 0.63284
-99.29167 0.63307
-99.25000 0.63329
-99.20833 0.63350
-99.16667 0.63372
-99.12500 0.63392
-99.08333 0.63413
-99.04167 0.63433
-99.00000 0.63453
-98.95833 0.63472
-98.91667 0.63491
-98.87500 0.63509
-98.83333 0.63527
-98.79167 0.63545
-98.75000 0.63562
-98.70833 0.63579
-98.66667 0.63595
-98.62500 0.63611
-98.58333 0.63627
-98.54167 0.63642
-98.50000 0.63656
-98.45833 0.63671
-98.41667 0.63684
-98.37500 0.63698
-98.33333 0.63711
-98.29167 0.63723
-98.25000 0.63735
-98.20833 0.63747
-98.16667 0.63758
-98.12500 0.63768
-98.08333 0.63778
-98.04167 0.63788
-98.00000 0.63797
-97.95833 0.63806
-97.91667 0.63814
-97.87500 0.63822
-97.83333 0.63830
-97.79167 0.63837
-97.75000 0.63843
-97.70833 0.63849
-97.66667 0.63854
-97.62500 0.63859
-97.58333 0.63864
-97.54167 0.63868
-97.50000 0.63871
-97.45833 0.63874
-97.41667 0.63877
-97.37500 0.63879
-97.33333 0.63880
-97.29167 0.63881
-97.25000 0.63882
-97.20833 0.63882
-97.16667 0.63881
-97.12500 0.63880
-97.08333 0.63878
-97.04167 0.63876
-97.00000 0.63874
-96.95833 0.63870
-96.91667 0.63867
-96.87500 0.63862
-96.83333 0.63858
-96.79167 0.63852
-96.75000 0.63847
-96.70833 0.63840
-96.66667 0.63833
-96.62500 0.63826
-96.58333 0.63818
-96.54167 0.63810
-96.50000 0.63801
-96.45833 0.63791
-96.41667 0.63781
-96.37500 0.63770
-96.33333 0.63759
-96.29167 0.63747
-96.25000 0.63735
-96.20833 0.63722
-96.16667 0.63709
-96.12500 0.63695
-96.08333 0.63680
-96.04167 0.63665
-96.00000 0.63649
-95.95833 0.63633
-95.91667 0.63616
-95.87500 0.63599
-95.83333 0.63581
-95.79167 0.63562
-95.75000 0.63543
-95.70833 0.63524
-95.66667 0.63503
-95.62500 0.63483
-95.58333 0.63461
-95.54167 0.63439
-95.50000 0.63417
-95.45833 0.63394
-95.41667 0.63370
-95.37500 0.63346
-95.33333 0.63321
-95.29167 0.63296
-95.25000 0.63270
-95.20833 0.63243
-95.16667 0.63216
-95.12500 0.63189
-95.08333 0.63160
-95.04167 0.63132
-95.00000 0.63102
-94.95833 0.63072
-94.91667 0.63042
-94.87500 0.63010
-94.83333 0.62979
-94.79167 0.62946
-94.75000 0.62914
-94.70833 0.62880
-94.66667 0.62846
-94.62500 0.62811
-94.58333 0.62776
-94.54167 0.62741
-94.50000 0.62704
-94.45833 0.62667
-94.41667 0.62630
-94.37500 0.62592
-94.33333 0.62553
-94.29167 0.62514
-94.25000 0.62474
-94.20833 0.62434
-94.16667 0.62393
-94.12500 0.62351
-94.08333 0.62309
-94.04167 0.62267
-94.00000 0.62223
-93.95833 0.62180
-93.91667 0.62135
-93.87500 0.62090
-93.83333 0.62045
-93.79167 0.61999
-93.75000 0.61952
-93.70833 0.61905
-93.66667 0.61857
-93.62500 0.61809
-93.58333 0.61760
-93.54167 0.61711
-93.50000 0.61661
-93.45833 0.61611
-93.41667 0.61559
-93.37500 0.61508
-93.33333 0.61456
-93.29167 0.61403
-93.25000 0.61350
-93.20833 0.61296
-93.16667 0.61242
-93.12500 0.61187
-93.08333 0.61132
-93.04167 0.61076
-93.00000 0.61019
-92.95833 0.60962
-92.91667 0.60905
-92.87500 0.60847
-92.83333 0.60788
-92.79167 0.60729
-92.75000 0.60670
-92.70833 0.60609
-92.66667 0.60549
-92.62500 0.60488
-92.58333 0.60426
-92.54167 0.60364
-92.50000 0.60301
-92.45833 0.60238
-92.41667 0.60175
-92.37500 0.60110
-92.33333 0.60046
-92.29167 0.59981
-92.25000 0.59915
-92.20833 0.59849
-92.16667 0.59782
-92.12500 0.59715
-92.08333 0.59648
-92.04167 0.59580
-92.00000 0.59511
-91.95833 0.59442
-91.91667 0.59373
-91.87500 0.59303
-91.83333 0.59233
-91.79167 0.59162
-91.75000 0.59091
-91.70833 0.59019
-91.66667 0.58947
-91.62500 0.58875
-91.58333 0.58802
-91.54167 0.58728
-91.50000 0.58654
-91.45833 0.58580
-91.41667 0.58505
-91.37500 0.58430
-91.33333 0.58355
-91.29167 0.58279
-91.25000 0.58202
-91.20833 0.58126
-91.16667 0.58048
-91.12500 0.57971
-91.08333 0.57893
-91.04167 0.57814
-91.00000 0.57736
-90.95833 0.57657
-90.91667 0.57577
-90.87500 0.57497
-90.83333 0.57417
-90.79167 0.57336
-90.75000 0.57255
-90.70833 0.57174
-90.66667 0.57092
-90.62500 0.57010
-90.58333 0.56927
-90.54167 0.56845
-90.50000 0.56761
-90.45833 0.56678
-90.41667 0.56594
-90.37500 0.56510
-90.33333 0.56425
-90.29167 0.56341
-90.25000 0.56256
-90.20833 0.56170
-90.16667 0.56084
-90.12500 0.55998
-90.08333 0.55912
-90.04167 0.55825
-90.00000 0.54072
-89.95833 0.54131
-89.91667 0.54190
-89.87500 0.54249
-89.83333 0.54307
-89.79167 0.54365
-89.75000 0.54423
-89.70833 0.54481
-89.66667 0.54539
-89.62500 0.54596
-89.58333 0.54653
-89.54167 0.54710
-89.50000 0.54766
-89.45833 0.54822
-89.41667 0.54878
-89.37500 0.54934
-89.33333 0.54989
-89.29167 0.55045
-89.25000 0.55099
-89.20833 0.55154
-89.16667 0.55208
-89.12500 0.55263
-89.08333 0.55316
-89.04167 0.55370
-89.00000 0.55423
-88.95833 0.55476
-88.91667 0.55528
-88.87500 0.55581
-88.83333 0.55633
-88.79167 0.55684
-88.75000 0.55736
-88.70833 0.55787
-88.66667 0.55838
-88.62500 0.55888
-88.58333 0.55938
-88.54167 0.55988
-88.50000 0.56037
-88.45833 0.56087
-88.41667 0.56135
-88.37500 0.56184
-88.33333 0.56232
-88.29167 0.56280
-88.25000 0.56327
-88.20833 0.56374
-88.16667 0.56421
-88.12500 0.56467
-88.08333 0.56513
-88.04167 0.56559
-88.00000 0.56604
-87.95833 0.56649
-87.91667 0.56693
-87.87500 0.56738
-87.83333 0.56781
-87.79167 0.56825
-87.75000 0.56868
-87.70833 0.56910
-87.66667 0.56953
-87.62500 0.56994
-87.58333 0.57036
-87.54167 0.57077
-87.50000 0.57118
-87.45833 0.57158
-87.41667 0.57198
-87.37500 0.57237
-87.33333 0.57276
-87.29167 0.57315
-87.25000 0.57353
-87.20833 0.57391
-87.16667 0.57428
-87.12500 0.57465
-87.08333 0.57501
-87.04167 0.57537
-87.00000 0.57573
-86.95833 0.57608
-86.91667 0.57643
-86.87500 0.57677
-86.83333 0.57711
-86.79167 0.57745
-86.75000 0.57778
-86.70833 0.57810
-86.66667 0.57842
-86.62500 0.57874
-86.58333 0.57905
-86.54167 0.57935
-86.50000 0.57966
-86.45833 0.57995
-86.41667 0.58025
-86.37500 0.58053
-86.33333 0.58082
-86.29167 0.58110
-86.25000 0.58137
-86.20833 0.58164
-86.16667 0.58190
-86.12500 0.58216
-86.08333 0.58242
-86.04167 0.58267
-86.00000 0.58291
-85.95833 0.58315
-85.91667 0.58339
-85.87500 0.58362
-85.83333 0.58384
-85.79167 0.58406
-85.75000 0.58427
-85.70833 0.58448
-85.66667 0.58469
-85.62500 0.58489
-85.58333 0.58508
-85.54167 0.58527
-85.50000 0.58546
-85.45833 0.58564
-85.41667 0.58581
-85.37500 0.58598
-85.33333 0.58614
-85.29167 0.58630
-85.25000 0.58646
-85.20833 0.58660
-85.16667 0.58675
-85.12500 0.58688
-85.08333 0.58702
-85.04167 0.58714
-85.00000 0.58727
-84.95833 0.58738
-84.91667 0.58749
-84.87500 0.58760
-84.83333 0.58770
-84.79167 0.58780
-84.75000 0.58789
-84.70833 0.58797
-84.66667 0.58805
-84.62500 0.58813
-84.58333 0.58819
-84.54167 0.58826
-84.50000 0.58832
-84.45833 0.58837
-84.41667 0.58842
-84.37500 0.58846
-84.33333 0.58849
-84.29167 0.58852
-84.25000 0.58855
-84.20833 0.58857
-84.16667 0.58859
-84.12500 0.58860
-84.08333 0.58860
-84.04167 0.58860
-84.00000 0.58859
-83.95833 0.58858
-83.91667 0.58856
-83.87500 0.58854
-83.83333 0.58851
-83.79167 0.58848
-83.75000 0.58844
-83.70833 0.58839
-83.66667 0.58835
-83.62500 0.58829
-83.58333 0.58823
-83.54167 0.58816
-83.50000 0.58809
-83.45833 0.58802
-83.41667 0.58793
-83.37500 0.58785
-83.33333 0.58775
-83.29167 0.58766
-83.25000 0.58755
-83.20833 0.58745
-83.16667 0.58733
-83.12500 0.58721
-83.08333 0.58709
-83.04167 0.58696
-83.00000 0.58682
-82.95833 0.58668
-82.91667 0.58654
-82.87500 0.58639
-82.83333 0.58623
-82.79167 0.58607
-82.75000 0.58590
-82.70833 0.58573
-82.66667 0.58556
-82.62500 0.58538
-82.58333 0.58519
-82.54167 0.58500
-82.50000 0.58480
-82.45833 0.58460
-82.41667 0.58439
-82.37500 0.58418
-82.33333 0.58396
-82.29167 0.58374
-82.25000 0.58351
-82.20833 0.58328
-82.16667 0.58304
-82.12500 0.58280
-82.08333 0.58255
-82.04167 0.58230
-82.00000 0.58205
-81.95833 0.58178
-81.91667 0.58152
-81.87500 0.58125
-81.83333 0.58097
-81.79167 0.58069
-81.75000 0.58040
-81.70833 0.58011
-81.66667 0.57982
-81.62500 0.57952
-81.58333 0.57921
-81.54167 0.57891
-81.50000 0.57859
-81.45833 0.57827
-81.41667 0.57795
-81.37500 0.57762
-81.33333 0.57729
-81.29167 0.57696
-81.25000 0.57662
-81.20833 0.57627
-81.16667 0.57592
-81.12500 0.57557
-81.08333 0.57521
-81.04167 0.57485
-81.00000 0.57448
-80.95833 0.57411
-80.91667 0.57373
-80.87500 0.57335
-80.83333 0.57297
-80.79167 0.57258
-80.75000 0.57219
-80.70833 0.57180
-80.66667 0.57139
-80.62500 0.57099
-80.58333 0.57058
-80.54167 0.57017
-80.50000 0.56975
-80.45833 0.56933
-80.41667 0.56891
-80.37500 0.56848
-80.33333 0.56805
-80.29167 0.56762
-80.25000 0.56718
-80.20833 0.56673
-80.16667 0.56629
-80.12500 0.56584
-80.08333 0.56538
-80.04167 0.56493
-80.00000 0.54955
-79.95833 0.54998
-79.91667 0.55040
-79.87500 0.55083
-79.83333 0.55125
-79.79167 0.55167
-79.75000 0.55208
-79.70833 0.55250
-79.66667 0.55291
-79.62500 0.55331
-79.58333 0.55372
-79.54167 0.55412
-79.50000 0.55452
-79.45833 0.55492
-79.41667 0.55531
-79.37500 0.55570
-79.33333 0.55609
-79.29167 0.55647
-79.25000 0.55685
-79.20833 0.55723
-79.16667 0.55761
-79.12500 0.55798
-79.08333 0.55835
-79.04167 0.55872
-79.00000 0.55908
-78.95833 0.55944
-78.91667 0.55979
-78.87500 0.56015
-78.83333 0.56050
-78.79167 0.56084
-78.75000 0.56119
-78.70833 0.56153
-78.66667 0.56186
-78.62500 0.56220
-78.58333 0.56253
-78.54167 0.56285
-78.50000 0.56317
-78.45833 0.56349
-78.41667 0.56381
-78.37500 0.56412
-78.33333 0.56443
-78.29167 0.56473
-78.25000 0.56503
-78.20833 0.56533
-78.16667 0.56562
-78.12500 0.56591
-78.08333 0.56620
-78.04167 0.56648
-78.00000 0.56676
-77.95833 0.56703
-77.91667 0.56730
-77.87500 0.56756
-77.83333 0.56783
-77.79167 0.56808
-77.75000 0.56834
-77.70833 0.56859
-77.66667 0.56883
-77.62500 0.56908
-77.58333 0.56931
-77.54167 0.56955
-77.50000 0.56977
-77.45833 0.57000
-77.41667 0.57022
-77.37500 0.57044
-77.33333 0.57065
-77.29167 0.57086
-77.25000 0.57106
-77.20833 0.57126
-77.16667 0.57145
-77.12500 0.57164
-77.08333 0.57183
-77.04167 0.57201
-77.00000 0.57219
-76.95833 0.57236
-76.91667 0.57253
-76.87500 0.57269
-76.83333 0.57285
-76.79167 0.57300
-76.75000 0.57315
-76.70833 0.57330
-76.66667 0.57344
-76.62500 0.57357
-76.58333 0.57370
-76.54167 0.57383
-76.50000 0.57395
-76.45833 0.57406
-76.41667 0.57418
-76.37500 0.57428
-76.33333 0.57438
-76.29167 0.57448
-76.25000 0.57457
-76.20833 0.57466
-76.16667 0.57474
-76.12500 0.57482
-76.08333 0.57489
-76.04167 0.57496
-76.00000 0.57502
-75.95833 0.57508
-75.91667 0.57513
-75.87500 0.57518
-75.83333 0.57522
-75.79167 0.57526
-75.75000 0.57529
-75.70833 0.57532
-75.66667 0.57534
-75.62500 0.57535
-75.58333 0.57537
-75.54167 0.57537
-75.50000 0.57537
-75.45833 0.57537
-75.41667 0.57536
-75.37500 0.57535
-75.33333 0.57533
-75.29167 0.57530
-75.25000 0.57527
-75.20833 0.57524
-75.16667 0.57520
-75.12500 0.57515
-75.08333 0.57510
-75.04167 0.57504
-75.00000 0.57498
-74.95833 0.57492
-74.91667 0.57484
-74.87500 0.57477
-74.83333 0.57468
-74.79167 0.57460
-74.75000 0.57450
-74.70833 0.57440
-74.66667 0.57430
-74.62500 0.57419
-74.58333 0.57408
-74.54167 0.57396
-74.50000 0.57383
-74.45833 0.57370
-74.41667 0.57356
-74.37500 0.57342
-74.33333 0.57328
-74.29167 0.57312
-74.25000 0.57297
-74.20833 0.57280
-74.16667 0.57264
-74.12500 0.57246
-74.08333 0.57228
-74.04167 0.57210
-74.00000 0.57191
-73.95833 0.57172
-73.91667 0.57151
-73.87500 0.57131
-73.83333 0.57110
-73.79167 0.57088
-73.75000 0.57066
-73.70833 0.57044
-73.66667 0.57020
-73.62500 0.56997
-73.58333 0.56972
-73.54167 0.56948
-73.50000 0.56922
-73.45833 0.56896
-73.41667 0.56870
-73.37500 0.56843
-73.33333 0.56816
-73.29167 0.56788
-73.25000 0.56760
-73.20833 0.56731
-73.16667 0.56701
-73.12500 0.56671
-73.08333 0.56641
-73.04167 0.56610
-73.00000 0.56578
-72.95833 0.56546
-72.91667 0.56514
-72.87500 0.56481
-72.83333 0.56447
-72.79167 0.56413
-72.75000 0.56378
-72.70833 0.56343
-72.66667 0.56308
-72.62500 0.56272
-72.58333 0.56235
-72.54167 0.56198
-72.50000 0.56161
-72.45833 0.56123
-72.41667 0.56084
-72.37500 0.56045
-72.33333 0.56006
-72.29167 0.55966
-72.25000 0.55925
-72.20833 0.55884
-72.16667 0.55843
-72.12500 0.55801
-72.08333 0.55759
-72.04167 0.55716
-72.00000 0.55673
-71.95833 0.55629
-71.91667 0.55585
-71.87500 0.55540
-71.83333 0.55495
-71.79167 0.55449
-71.75000 0.55403
-71.70833 0.55357
-71.66667 0.55310
-71.62500 0.55263
-71.58333 0.55215
-71.54167 0.55167
-71.50000 0.55118
-71.45833 0.55069
-71.41667 0.55019
-71.37500 0.54969
-71.33333 0.54919
-71.29167 0.54868
-71.25000 0.54817
-71.20833 0.54765
-71.16667 0.54713
-71.12500 0.54661
-71.08333 0.54608
-71.04167 0.54555
-71.00000 0.54501
-70.95833 0.54447
-70.91667 0.54393
-70.87500 0.54338
-70.83333 0.54283
-70.79167 0.54227
-70.75000 0.54171
-70.70833 0.54115
-70.66667 0.54058
-70.62500 0.54001
-70.58333 0.53943
-70.54167 0.53885
-70.50000 0.53827
-70.45833 0.53769
-70.41667 0.53710
-70.37500 0.53650
-70.33333 0.53591
-70.29167 0.53531
-70.25000 0.53470
-70.20833 0.53410
-70.16667 0.53349
-70.12500 0.53287
-70.08333 0.53226
-70.04167 0.53164
-70.00000 0.51987
-69.95833 0.52024
-69.91667 0.52062
-69.87500 0.52099
-69.83333 0.52136
-69.79167 0.52173
-69.75000 0.52209
-69.70833 0.52246
-69.66667 0.52281
-69.62500 0.52317
-69.58333 0.52352
-69.54167 0.52388
-69.50000 0.52422
-69.45833 0.52457
-69.41667 0.52491
-69.37500 0.52525
-69.33333 0.52559
-69.29167 0.52592
-69.25000 0.52625
-69.20833 0.52658
-69.16667 0.52690
-69.12500 0.52722
-69.08333 0.52754
-69.04167 0.52785
-69.00000 0.52816
-68.95833 0.52847
-68.91667 0.52878
-68.87500 0.52908
-68.83333 0.52938
-68.79167 0.52967
-68.75000 0.52996
-68.70833 0.53025
-68.66667 0.53054
-68.62500 0.53082
-68.58333 0.53110
-68.54167 0.53137
-68.50000 0.53164
-68.45833 0.53191
-68.41667 0.53217
-68.37500 0.53243
-68.33333 0.53269
-68.29167 0.53294
-68.25000 0.53319
-68.20833 0.53344
-68.16667 0.53368
-68.12500 0.53392
-68.08333 0.53415
-68.04167 0.53438
-68.00000 0.53461
-67.95833 0.53483
-67.91667 0.53505
-67.87500 0.53527
-67.83333 0.53548
-67.79167 0.53568
-67.75000 0.53589
-67.70833 0.53609
-67.66667 0.53628
-67.62500 0.53647
-67.58333 0.53666
-67.54167 0.53684
-67.50000 0.53702
-67.45833 0.53720
-67.41667 0.53737
-67.37500 0.53754
-67.33333 0.53770
-67.29167 0.53786
-67.25000 0.53801
-67.20833 0.53816
-67.16667 0.53830
-67.12500 0.53845
-67.08333 0.53858
-67.04167 0.53871
-67.00000 0.53884
-66.95833 0.53897
-66.91667 0.53908
-66.87500 0.53920
-66.83333 0.53931
-66.79167 0.53942
-66.75000 0.53952
-66.70833 0.53961
-66.66667 0.53971
-66.62500 0.53979
-66.58333 0.53988
-66.54167 0.53996
-66.50000 0.54003
-66.45833 0.54010
-66.41667 0.54016
-66.37500 0.54022
-66.33333 0.54028
-66.29167 0.54033
-66.25000 0.54038
-66.20833 0.54042
-66.16667 0.54045
-66.12500 0.54049
-66.08333 0.54051
-66.04167 0.54054
-66.00000 0.54055
-65.95833 0.54057
-65.91667 0.54057
-65.87500 0.54058
-65.83333 0.54058
-65.79167 0.54057
-65.75000 0.54056
-65.70833 0.54054
-65.66667 0.54052
-65.62500 0.54050
-65.58333 0.54046
-65.54167 0.54043
-65.50000 0.54039
-65.45833 0.54034
-65.41667 0.54029
-65.37500 0.54024
-65.33333 0.54018
-65.29167 0.54011
-65.25000 0.54004
-65.20833 0.53997
-65.16667 0.53989
-65.12500 0.53980
-65.08333 0.53971
-65.04167 0.53962
-65.00000 0.53952
-64.95833 0.53941
-64.91667 0.53930
-64.87500 0.53919
-64.83333 0.53907
-64.79167 0.53894
-64.75000 0.53881
-64.70833 0.53868
-64.66667 0.53854
-64.62500 0.53840
-64.58333 0.53825
-64.54167 0.53809
-64.50000 0.53793
-64.45833 0.53777
-64.41667 0.53760
-64.37500 0.53742
-64.33333 0.53724
-64.29167 0.53706
-64.25000 0.53687
-64.20833 0.53667
-64.16667 0.53648
-64.12500 0.53627
-64.08333 0.53606
-64.04167 0.53585
-64.00000 0.53563
-63.95833 0.53540
-63.91667 0.53517
-63.87500 0.53494
-63.83333 0.53470
-63.79167 0.53446
-63.75000 0.53421
-63.70833 0.53396
-63.66667 0.53370
-63.62500 0.53343
-63.58333 0.53317
-63.54167 0.53289
-63.50000 0.53262
-63.45833 0.53233
-63.41667 0.53205
-63.37500 0.53175
-63.33333 0.53146
-63.29167 0.53115
-63.25000 0.53085
-63.20833 0.53054
-63.16667 0.53022
-63.12500 0.52990
-63.08333 0.52957
-63.04167 0.52924
-63.00000 0.52891
-62.95833 0.52857
-62.91667 0.52823
-62.87500 0.52788
-62.83333 0.52753
-62.79167 0.52717
-62.75000 0.52681
-62.70833 0.52644
-62.66667 0.52607
-62.62500 0.52569
-62.58333 0.52531
-62.54167 0.52493
-62.50000 0.52454
-62.45833 0.52414
-62.41667 0.52375
-62.37500 0.52334
-62.33333 0.52294
-62.29167 0.52253
-62.25000 0.52211
-62.20833 0.52169
-62.16667 0.52127
-62.12500 0.52084
-62.08333 0.52041
-62.04167 0.51997
-62.00000 0.51953
-61.95833 0.51908
-61.91667 0.51864
-61.87500 0.51818
-61.83333 0.51773
-61.79167 0.51726
-61.75000 0.51680
-61.70833 0.51633
-61.66667 0.51586
-61.62500 0.51538
-61.58333 0.51490
-61.54167 0.51442
-61.50000 0.51393
-61.45833 0.51343
-61.41667 0.51294
-61.37500 0.51244
-61.33333 0.51193
-61.29167 0.51143
-61.25000 0.51092
-61.20833 0.51040
-61.16667 0.50988
-61.12500 0.50936
-61.08333 0.50884
-61.04167 0.50831
-61.00000 0.50777
-60.95833 0.50724
-60.91667 0.50670
-60.87500 0.50615
-60.83333 0.50561
-60.79167 0.50506
-60.75000 0.50451
-60.70833 0.50395
-60.66667 0.50339
-60.62500 0.50283
-60.58333 0.50226
-60.54167 0.50169
-60.50000 0.50112
-60.45833 0.50054
-60.41667 0.49997
-60.37500 0.49938
-60.33333 0.49880
-60.29167 0.49821
-60.25000 0.49762
-60.20833 0.49703
-60.16667 0.49643
-60.12500 0.49583
-60.08333 0.49523
-60.04167 0.49462
-60.00000 0.48839
-59.95833 0.48889
-59.91667 0.48940
-59.87500 0.48990
-59.83333 0.49040
-59.79167 0.49090
-59.75000 0.49139
-59.70833 0.49189
-59.66667 0.49238
-59.62500 0.49287
-59.58333 0.49335
-59.54167 0.49384
-59.50000 0.49432
-59.45833 0.49480
-59.41667 0.49528
-59.37500 0.49576
-59.33333 0.49623
-59.29167 0.49671
-59.25000 0.49718
-59.20833 0.49764
-59.16667 0.49811
-59.12500 0.49857
-59.08333 0.49903
-59.04167 0.49949
-59.00000 0.49994
-58.95833 0.50040
-58.91667 0.50085
-58.87500 0.50129
-58.83333 0.50174
-58.79167 0.50218
-58.75000 0.50262
-58.70833 0.50306
-58.66667 0.50349
-58.62500 0.50393
-58.58333 0.50436
-58.54167 0.50478
-58.50000 0.50521
-58.45833 0.50563
-58.41667 0.50604
-58.37500 0.50646
-58.33333 0.50687
-58.29167 0.50728
-58.25000 0.50769
-58.20833 0.50809
-58.16667 0.50849
-58.12500 0.50889
-58.08333 0.50928
-58.04167 0.50967
-58.00000 0.51006
-57.95833 0.51045
-57.91667 0.51083
-57.87500 0.51121
-57.83333 0.51158
-57.79167 0.51195
-57.75000 0.51232
-57.70833 0.51269
-57.66667 0.51305
-57.62500 0.51341
-57.58333 0.51377
-57.54167 0.51412
-57.50000 0.51447
-57.45833 0.51481
-57.41667 0.51515
-57.37500 0.51549
-57.33333 0.51583
-57.29167 0.51616
-57.25000 0.51649
-57.20833 0.51681
-57.16667 0.51713
-57.12500 0.51745
-57.08333 0.51776
-57.04167 0.51807
-57.00000 0.51838
-56.95833 0.51868
-56.91667 0.51898
-56.87500 0.51928
-56.83333 0.51957
-56.79167 0.51986
-56.75000 0.52014
-56.70833 0.52042
-56.66667 0.52070
-56.62500 0.52097
-56.58333 0.52124
-56.54167 0.52150
-56.50000 0.52176
-56.45833 0.52202
-56.41667 0.52227
-56.37500 0.52252
-56.33333 0.52276
-56.29167 0.52300
-56.25000 0.52324
-56.20833 0.52347
-56.16667 0.52370
-56.12500 0.52393
-56.08333 0.52415
-56.04167 0.52436
-56.00000 0.52457
-55.95833 0.52478
-55.91667 0.52498
-55.87500 0.52518
-55.83333 0.52538
-55.79167 0.52557
-55.75000 0.52575
-55.70833 0.52594
-55.66667 0.52611
-55.62500 0.52629
-55.58333 0.52645
-55.54167 0.52662
-55.50000 0.52678
-55.45833 0.52694
-55.41667 0.52709
-55.37500 0.52723
-55.33333 0.52738
-55.29167 0.52751
-55.25000 0.52765
-55.20833 0.52778
-55.16667 0.52790
-55.12500 0.52802
-55.08333 0.52814
-55.04167 0.52825
-55.00000 0.52836
-54.95833 0.52846
-54.91667 0.52856
-54.87500 0.52865
-54.83333 0.52874
-54.79167 0.52882
-54.75000 0.52890
-54.70833 0.52898
-54.66667 0.52905
-54.62500 0.52911
-54.58333 0.52917
-54.54167 0.52923
-54.50000 0.52928
-54.45833 0.52933
-54.41667 0.52937
-54.37500 0.52941
-54.33333 0.52944
-54.29167 0.52947
-54.25000 0.52949
-54.20833 0.52951
-54.16667 0.52953
-54.12500 0.52954
-54.08333 0.52954
-54.04167 0.52954
-54.00000 0.52954
-53.95833 0.52953
-53.91667 0.52952
-53.87500 0.52950
-53.83333 0.52948
-53.79167 0.52945
-53.75000 0.52942
-53.70833 0.52938
-53.66667 0.52934
-53.62500 0.52929
-53.58333 0.52924
-53.54167 0.52919
-53.50000 0.52913
-53.45833 0.52906
-53.41667 0.52899
-53.37500 0.52892
-53.33333 0.52884
-53.29167 0.52876
-53.25000 0.52867
-53.20833 0.52858
-53.16667 0.52848
-53.12500 0.52838
-53.08333 0.52827
-53.04167 0.52816
-53.00000 0.52804
-52.95833 0.52792
-52.91667 0.52780
-52.87500 0.52767
-52.83333 0.52753
-52.79167 0.52739
-52.75000 0.52725
-52.70833 0.52710
-52.66667 0.52695
-52.62500 0.52679
-52.58333 0.52663
-52.54167 0.52647
-52.50000 0.52629
-52.45833 0.52612
-52.41667 0.52594
-52.37500 0.52576
-52.33333 0.52557
-52.29167 0.52537
-52.25000 0.52518
-52.20833 0.52498
-52.16667 0.52477
-52.12500 0.52456
-52.08333 0.52434
-52.04167 0.52412
-52.00000 0.52390
-51.95833 0.52367
-51.91667 0.52344
-51.87500 0.52320
-51.83333 0.52296
-51.79167 0.52272
-51.75000 0.52247
-51.70833 0.52222
-51.66667 0.52196
-51.62500 0.52170
-51.58333 0.52143
-51.54167 0.52116
-51.50000 0.52089
-51.45833 0.52061
-51.41667 0.52032
-51.37500 0.52004
-51.33333 0.51975
-51.29167 0.51945
-51.25000 0.51915
-51.20833 0.51885
-51.16667 0.51854
-51.12500 0.51823
-51.08333 0.51792
-51.04167 0.51760
-51.00000 0.51728
-50.95833 0.51695
-50.91667 0.51662
-50.87500 0.51629
-50.83333 0.51595
-50.79167 0.51561
-50.75000 0.51526
-50.70833 0.51491
-50.66667 0.51456
-50.62500 0.51420
-50.58333 0.51384
-50.54167 0.51348
-50.50000 0.51311
-50.45833 0.51274
-50.41667 0.51237
-50.37500 0.51199
-50.33333 0.51161
-50.29167 0.51122
-50.25000 0.51083
-50.20833 0.51044
-50.16667 0.51005
-50.12500 0.50965
-50.08333 0.50924
-50.04167 0.50884
-50.00000 0.49326
-49.95833 0.49381
-49.91667 0.49436
-49.87500 0.49490
-49.83333 0.49545
-49.79167 0.49599
-49.75000 0.49653
-49.70833 0.49706
-49.66667 0.49760
-49.62500 0.49813
-49.58333 0.49866
-49.54167 0.49919
-49.50000 0.49972
-49.45833 0.50024
-49.41667 0.50077
-49.37500 0.50129
-49.33333 0.50181
-49.29167 0.50232
-49.25000 0.50283
-49.20833 0.50335
-49.16667 0.50385
-49.12500 0.50436
-49.08333 0.50487
-49.04167 0.50537
-49.00000 0.50587
-48.95833 0.50636
-48.91667 0.50686
-48.87500 0.50735
-48.83333 0.50784
-48.79167 0.50832
-48.75000 0.50881
-48.70833 0.50929
-48.66667 0.50977
-48.62500 0.51024
-48.58333 0.51072
-48.54167 0.51119
-48.50000 0.51165
-48.45833 0.51212
-48.41667 0.51258
-48.37500 0.51304
-48.33333 0.51350
-48.29167 0.51395
-48.25000 0.51440
-48.20833 0.51485
-48.16667 0.51529
-48.12500 0.51573
-48.08333 0.51617
-48.04167 0.51661
-48.00000 0.51704
-47.95833 0.51747
-47.91667 0.51789
-47.87500 0.51832
-47.83333 0.51873
-47.79167 0.51915
-47.75000 0.51956
-47.70833 0.51997
-47.66667 0.52038
-47.62500 0.52078
-47.58333 0.52118
-47.54167 0.52158
-47.50000 0.52197
-47.45833 0.52236
-47.41667 0.52274
-47.37500 0.52313
-47.33333 0.52351
-47.29167 0.52388
-47.25000 0.52425
-47.20833 0.52462
-47.16667 0.52499
-47.12500 0.52535
-47.08333 0.52570
-47.04167 0.52606
-47.00000 0.52641
-46.95833 0.52675
-46.91667 0.52709
-46.87500 0.52743
-46.83333 0.52777
-46.79167 0.52810
-46.75000 0.52842
-46.70833 0.52875
-46.66667 0.52907
-46.62500 0.52938
-46.58333 0.52969
-46.54167 0.53000
-46.50000 0.53030
-46.45833 0.53060
-46.41667 0.53090
-46.37500 0.53119
-46.33333 0.53148
-46.29167 0.53176
-46.25000 0.53204
-46.20833 0.53231
-46.16667 0.53258
-46.12500 0.53285
-46.08333 0.53311
-46.04167 0.53337
-46.00000 0.53362
-45.95833 0.53387
-45.91667 0.53412
-45.87500 0.53436
-45.83333 0.53460
-45.79167 0.53483
-45.75000 0.53506
-45.70833 0.53528
-45.66667 0.53550
-45.62500 0.53571
-45.58333 0.53592
-45.54167 0.53613
-45.50000 0.53633
-45.45833 0.53653
-45.41667 0.53672
-45.37500 0.53691
-45.33333 0.53709
-45.29167 0.53727
-45.25000 0.53745
-45.20833 0.53762
-45.16667 0.53778
-45.12500 0.53794
-45.08333 0.53810
-45.04167 0.53825
-45.00000 0.53840
-44.95833 0.53854
-44.91667 0.53868
-44.87500 0.53881
-44.83333 0.53894
-44.79167 0.53907
-44.75000 0.53918
-44.70833 0.53930
-44.66667 0.53941
-44.62500 0.53951
-44.58333 0.53962
-44.54167 0.53971
-44.50000 0.53980
-44.45833 0.53989
-44.41667 0.53997
-44.37500 0.54005
-44.33333 0.54012
-44.29167 0.54019
-44.25000 0.54025
-44.20833 0.54031
-44.16667 0.54036
-44.12500 0.54041
-44.08333 0.54045
-44.04167 0.54049
-44.00000 0.54053
-43.95833 0.54056
-43.91667 0.54058
-43.87500 0.54060
-43.83333 0.54062
-43.79167 0.54063
-43.75000 0.54063
-43.70833 0.54063
-43.66667 0.54063
-43.62500 0.54062
-43.58333 0.54061
-43.54167 0.54059
-43.50000 0.54057
-43.45833 0.54054
-43.41667 0.54051
-43.37500 0.54047
-43.33333 0.54043
-43.29167 0.54038
-43.25000 0.54033
-43.20833 0.54027
-43.16667 0.54021
-43.12500 0.54015
-43.08333 0.54008
-43.04167 0.54000
-43.00000 0.53992
-42.95833 0.53984
-42.91667 0.53975
-42.87500 0.53965
-42.83333 0.53955
-42.79167 0.53945
-42.75000 0.53934
-42.70833 0.53923
-42.66667 0.53911
-42.62500 0.53899
-42.58333 0.53886
-42.54167 0.53873
-42.50000 0.53859
-42.45833 0.53845
-42.41667 0.53831
-42.37500 0.53816
-42.33333 0.53800
-42.29167 0.53785
-42.25000 0.53768
-42.20833 0.53751
-42.16667 0.53734
-42.12500 0.53716
-42.08333 0.53698
-42.04167 0.53680
-42.00000 0.53661
-41.95833 0.53641
-41.91667 0.53621
-41.87500 0.53601
-41.83333 0.53580
-41.79167 0.53559
-41.75000 0.53537
-41.70833 0.53515
-41.66667 0.53492
-41.62500 0.53469
-41.58333 0.53446
-41.54167 0.53422
-41.50000 0.53398
-41.45833 0.53373
-41.41667 0.53348
-41.37500 0.53323
-41.33333 0.53297
-41.29167 0.53270
-41.25000 0.53243
-41.20833 0.53216
-41.16667 0.53189
-41.12500 0.53161
-41.08333 0.53132
-41.04167 0.53103
-41.00000 0.53074
-40.95833 0.53045
-40.91667 0.53015
-40.87500 0.52984
-40.83333 0.52953
-40.79167 0.52922
-40.75000 0.52891
-40.70833 0.52859
-40.66667 0.52826
-40.62500 0.52794
-40.58333 0.52761
-40.54167 0.52727
-40.50000 0.52693
-40.45833 0.52659
-40.41667 0.52624
-40.37500 0.52589
-40.33333 0.52554
-40.29167 0.52518
-40.25000 0.52482
-40.20833 0.52446
-40.16667 0.52409
-40.12500 0.52372
-40.08333 0.52335
-40.04167 0.52297
-40.00000 0.50617
-39.95833 0.50645
-39.91667 0.50674
-39.87500 0.50702
-39.83333 0.50730
-39.79167 0.50758
-39.75000 0.50785
-39.70833 0.50812
-39.66667 0.50839
-39.62500 0.50866
-39.58333 0.50892
-39.54167 0.50918
-39.50000 0.50944
-39.45833 0.50969
-39.41667 0.50994
-39.37500 0.51019
-39.33333 0.51044
-39.29167 0.51068
-39.25000 0.51092
-39.20833 0.51116
-39.16667 0.51140
-39.12500 0.51163
-39.08333 0.51186
-39.04167 0.51208
-39.00000 0.51230
-38.95833 0.51252
-38.91667 0.51274
-38.87500 0.51295
-38.83333 0.51316
-38.79167 0.51337
-38.75000 0.51357
-38.70833 0.51377
-38.66667 0.51397
-38.62500 0.51416
-38.58333 0.51435
-38.54167 0.51454
-38.50000 0.51472
-38.45833 0.51490
-38.41667 0.51508
-38.37500 0.51525
-38.33333 0.51542
-38.29167 0.51559
-38.25000 0.51575
-38.20833 0.51591
-38.16667 0.51607
-38.12500 0.51622
-38.08333 0.51637
-38.04167 0.51652
-38.00000 0.51666
-37.95833 0.51680
-37.91667 0.51693
-37.87500 0.51706
-37.83333 0.51719
-37.79167 0.51731
-37.75000 0.51743
-37.70833 0.51755
-37.66667 0.51766
-37.62500 0.51777
-37.58333 0.51787
-37.54167 0.51797
-37.50000 0.51807
-37.45833 0.51816
-37.41667 0.51825
-37.37500 0.51834
-37.33333 0.51842
-37.29167 0.51850
-37.25000 0.51857
-37.20833 0.51864
-37.16667 0.51870
-37.12500 0.51876
-37.08333 0.51882
-37.04167 0.51887
-37.00000 0.51892
-36.95833 0.51897
-36.91667 0.51901
-36.87500 0.51905
-36.83333 0.51908
-36.79167 0.51911
-36.75000 0.51913
-36.70833 0.51915
-36.66667 0.51917
-36.62500 0.51918
-36.58333 0.51919
-36.54167 0.51919
-36.50000 0.51919
-36.45833 0.51918
-36.41667 0.51917
-36.37500 0.51916
-36.33333 0.51914
-36.29167 0.51912
-36.25000 0.51909
-36.20833 0.51906
-36.16667 0.51902
-36.12500 0.51898
-36.08333 0.51894
-36.04167 0.51889
-36.00000 0.51884
-35.95833 0.51878
-35.91667 0.51872
-35.87500 0.51865
-35.83333 0.51858
-35.79167 0.51850
-35.75000 0.51842
-35.70833 0.51834
-35.66667 0.51825
-35.62500 0.51815
-35.58333 0.51806
-35.54167 0.51795
-35.50000 0.51785
-35.45833 0.51774
-35.41667 0.51762
-35.37500 0.51750
-35.33333 0.51737
-35.29167 0.51724
-35.25000 0.51711
-35.20833 0.51697
-35.16667 0.51683
-35.12500 0.51668
-35.08333 0.51653
-35.04167 0.51637
-35.00000 0.51621
-34.95833 0.51604
-34.91667 0.51587
-34.87500 0.51569
-34.83333 0.51551
-34.79167 0.51533
-34.75000 0.51514
-34.70833 0.51494
-34.66667 0.51475
-34.62500 0.51454
-34.58333 0.51434
-34.54167 0.51412
-34.50000 0.51391
-34.45833 0.51368
-34.41667 0.51346
-34.37500 0.51323
-34.33333 0.51299
-34.29167 0.51275
-34.25000 0.51251
-34.20833 0.51226
-34.16667 0.51201
-34.12500 0.51175
-34.08333 0.51149
-34.04167 0.51122
-34.00000 0.51095
-33.95833 0.51067
-33.91667 0.51039
-33.87500 0.51010
-33.83333 0.50981
-33.79167 0.50952
-33.75000 0.50922
-33.70833 0.50892
-33.66667 0.50861
-33.62500 0.50830
-33.58333 0.50798
-33.54167 0.50766
-33.50000 0.50733
-33.45833 0.50700
-33.41667 0.50667
-33.37500 0.50633
-33.33333 0.50599
-33.29167 0.50564
-33.25000 0.50529
-33.20833 0.50493
-33.16667 0.50457
-33.12500 0.50421
-33.08333 0.50384
-33.04167 0.50346
-33.00000 0.50309
-32.95833 0.50270
-32.91667 0.50232
-32.87500 0.50193
-32.83333 0.50153
-32.79167 0.50113
-32.75000 0.50073
-32.70833 0.50032
-32.66667 0.49991
-32.62500 0.49949
-32.58333 0.49907
-32.54167 0.49865
-32.50000 0.49822
-32.45833 0.49779
-32.41667 0.49735
-32.37500 0.49691
-32.33333 0.49647
-32.29167 0.49602
-32.25000 0.49557
-32.20833 0.49511
-32.16667 0.49465
-32.12500 0.49419
-32.08333 0.49372
-32.04167 0.49325
-32.00000 0.49277
-31.95833 0.49229
-31.91667 0.49181
-31.87500 0.49132
-31.83333 0.49083
-31.79167 0.49034
-31.75000 0.48984
-31.70833 0.48934
-31.66667 0.48883
-31.62500 0.48832
-31.58333 0.48781
-31.54167 0.48729
-31.50000 0.48677
-31.45833 0.48625
-31.41667 0.48572
-31.37500 0.48519
-31.33333 0.48466
-31.29167 0.48412
-31.25000 0.48358
-31.20833 0.48303
-31.16667 0.48249
-31.12500 0.48194
-31.08333 0.48138
-31.04167 0.48082
-31.00000 0.48026
-30.95833 0.47970
-30.91667 0.47913
-30.87500 0.47856
-30.83333 0.47799
-30.79167 0.47741
-30.75000 0.47683
-30.70833 0.47625
-30.66667 0.47566
-30.62500 0.47507
-30.58333 0.47448
-30.54167 0.47389
-30.50000 0.47329
-30.45833 0.47269
-30.41667 0.47208
-30.37500 0.47148
-30.33333 0.47087
-30.29167 0.47026
-30.25000 0.46964
-30.20833 0.46903
-30.16667 0.46840
-30.12500 0.46778
-30.08333 0.46716
-30.04167 0.46653
-30.00000 0.45470
-29.95833 0.46609
-29.91667 0.46648
-29.87500 0.46686
-29.83333 0.46724
-29.79167 0.46762
-29.75000 0.46799
-29.70833 0.46836
-29.66667 0.46874
-29.62500 0.46910
-29.58333 0.46947
-29.54167 0.46984
-29.50000 0.47020
-29.45833 0.47056
-29.41667 0.47091
-29.37500 0.47127
-29.33333 0.47162
-29.29167 0.47197
-29.25000 0.47232
-29.20833 0.47266
-29.16667 0.47301
-29.12500 0.47335
-29.08333 0.47368
-29.04167 0.47402
-29.00000 0.47435
-28.95833 0.47468
-28.91667 0.47501
-28.87500 0.47533
-28.83333 0.47566
-28.79167 0.47597
-28.75000 0.47629
-28.70833 0.47660
-28.66667 0.47692
-28.62500 0.47722
-28.58333 0.47753
-28.54167 0.47783
-28.50000 0.47813
-28.45833 0.47843
-28.41667 0.47872
-28.37500 0.47901
-28.33333 0.47930
-28.29167 0.47958
-28.25000 0.47987
-28.20833 0.48014
-28.16667 0.48042
-28.12500 0.48069
-28.08333 0.48096
-28.04167 0.48123
-28.00000 0.48149
-27.95833 0.48175
-27.91667 0.48201
-27.87500 0.48226
-27.83333 0.48251
-27.79167 0.48276
-27.75000 0.48301
-27.70833 0.48325
-27.66667 0.48348
-27.62500 0.48372
-27.58333 0.48395
-27.54167 0.48418
-27.50000 0.48440
-27.45833 0.48462
-27.41667 0.48484
-27.37500 0.48505
-27.33333 0.48526
-27.29167 0.48547
-27.25000 0.48567
-27.20833 0.48587
-27.16667 0.48607
-27.12500 0.48626
-27.08333 0.48645
-27.04167 0.48663
-27.00000 0.48681
-26.95833 0.48699
-26.91667 0.48717
-26.87500 0.48734
-26.83333 0.48750
-26.79167 0.48767
-26.75000 0.48782
-26.70833 0.48798
-26.66667 0.48813
-26.62500 0.48828
-26.58333 0.48842
-26.54167 0.48856
-26.50000 0.48870
-26.45833 0.48883
-26.41667 0.48896
-26.37500 0.48909
-26.33333 0.48921
-26.29167 0.48932
-26.25000 0.48944
-26.20833 0.48955
-26.16667 0.48965
-26.12500 0.48975
-26.08333 0.48985
-26.04167 0.48994
-26.00000 0.49003
-25.95833 0.49012
-25.91667 0.49020
-25.87500 0.49028
-25.83333 0.49035
-25.79167 0.49042
-25.75000 0.49048
-25.70833 0.49054
-25.66667 0.49060
-25.62500 0.49065
-25.58333 0.49070
-25.54167 0.49074
-25.50000 0.49078
-25.45833 0.49082
-25.41667 0.49085
-25.37500 0.49088
-25.33333 0.49090
-25.29167 0.49092
-25.25000 0.49093
-25.20833 0.49094
-25.16667 0.49095
-25.12500 0.49095
-25.08333 0.49095
-25.04167 0.49094
-25.00000 0.49093
-24.95833 0.49092
-24.91667 0.49090
-24.87500 0.49087
-24.83333 0.49084
-24.79167 0.49081
-24.75000 0.49078
-24.70833 0.49073
-24.66667 0.49069
-24.62500 0.49064
-24.58333 0.49059
-24.54167 0.49053
-24.50000 0.49046
-24.45833 0.49040
-24.41667 0.49033
-24.37500 0.49025
-24.33333 0.49017
-24.29167 0.49009
-24.25000 0.49000
-24.20833 0.48991
-24.16667 0.48981
-24.12500 0.48971
-24.08333 0.48960
-24.04167 0.48949
-24.00000 0.48938
-23.95833 0.48926
-23.91667 0.48913
-23.87500 0.48901
-23.83333 0.48887
-23.79167 0.48874
-23.75000 0.48860
-23.70833 0.48845
-23.66667 0.48830
-23.62500 0.48815
-23.58333 0.48799
-23.54167 0.48783
-23.50000 0.48767
-23.45833 0.48749
-23.41667 0.48732
-23.37500 0.48714
-23.33333 0.48696
-23.29167 0.48677
-23.25000 0.48658
-23.20833 0.48638
-23.16667 0.48618
-23.12500 0.48598
-23.08333 0.48577
-23.04167 0.48556
-23.00000 0.48534
-22.95833 0.48512
-22.91667 0.48489
-22.87500 0.48466
-22.83333 0.48443
-22.79167 0.48419
-22.75000 0.48395
-22.70833 0.48371
-22.66667 0.48346
-22.62500 0.48320
-22.58333 0.48294
-22.54167 0.48268
-22.50000 0.48242
-22.45833 0.48215
-22.41667 0.48187
-22.37500 0.48159
-22.33333 0.48131
-22.29167 0.48102
-22.25000 0.48073
-22.20833 0.48044
-22.16667 0.48014
-22.12500 0.47984
-22.08333 0.47954
-22.04167 0.47923
-22.00000 0.47891
-21.95833 0.47859
-21.91667 0.47827
-21.87500 0.47795
-21.83333 0.47762
-21.79167 0.47729
-21.75000 0.47695
-21.70833 0.47661
-21.66667 0.47627
-21.62500 0.47592
-21.58333 0.47557
-21.54167 0.47522
-21.50000 0.47486
-21.45833 0.47450
-21.41667 0.47413
-21.37500 0.47376
-21.33333 0.47339
-21.29167 0.47301
-21.25000 0.47263
-21.20833 0.47225
-21.16667 0.47186
-21.12500 0.47147
-21.08333 0.47108
-21.04167 0.47068
-21.00000 0.47028
-20.95833 0.46988
-20.91667 0.46947
-20.87500 0.46906
-20.83333 0.46865
-20.79167 0.46823
-20.75000 0.46782
-20.70833 0.46739
-20.66667 0.46697
-20.62500 0.46654
-20.58333 0.46610
-20.54167 0.46567
-20.50000 0.46523
-20.45833 0.46479
-20.41667 0.46434
-20.37500 0.46390
-20.33333 0.46345
-20.29167 0.46299
-20.25000 0.46254
-20.20833 0.46208
-20.16667 0.46161
-20.12500 0.46115
-20.08333 0.46068
-20.04167 0.46021
-20.00000 0.45971
-19.95833 0.46039
-19.91667 0.46072
-19.87500 0.46105
-19.83333 0.46137
-19.79167 0.46169
-19.75000 0.46202
-19.70833 0.46233
-19.66667 0.46265
-19.62500 0.46296
-19.58333 0.46327
-19.54167 0.46358
-19.50000 0.46389
-19.45833 0.46419
-19.41667 0.46449
-19.37500 0.46479
-19.33333 0.46508
-19.29167 0.46537
-19.25000 0.46566
-19.20833 0.46595
-19.16667 0.46623
-19.12500 0.46651
-19.08333 0.46679
-19.04167 0.46707
-19.00000 0.46734
-18.95833 0.46761
-18.91667 0.46787
-18.87500 0.46814
-18.83333 0.46840
-18.79167 0.46865
-18.75000 0.46891
-18.70833 0.46916
-18.66667 0.46941
-18.62500 0.46965
-18.58333 0.46989
-18.54167 0.47013
-18.50000 0.47037
-18.45833 0.47060
-18.41667 0.47083
-18.37500 0.47105
-18.33333 0.47128
-18.29167 0.47150
-18.25000 0.47171
-18.20833 0.47193
-18.16667 0.47213
-18.12500 0.47234
-18.08333 0.47254
-18.04167 0.47274
-18.00000 0.47294
-17.95833 0.47313
-17.91667 0.47332
-17.87500 0.47351
-17.83333 0.47369
-17.79167 0.47387
-17.75000 0.47405
-17.70833 0.47422
-17.66667 0.47439
-17.62500 0.47455
-17.58333 0.47471
-17.54167 0.47487
-17.50000 0.47503
-17.45833 0.47518
-17.41667 0.47532
-17.37500 0.47547
-17.33333 0.47561
-17.29167 0.47574
-17.25000 0.47588
-17.20833 0.47600
-17.16667 0.47613
-17.12500 0.47625
-17.08333 0.47637
-17.04167 0.47648
-17.00000 0.47659
-16.95833 0.47670
-16.91667 0.47680
-16.87500 0.47690
-16.83333 0.47700
-16.79167 0.47709
-16.75000 0.47718
-16.70833 0.47726
-16.66667 0.47734
-16.62500 0.47742
-16.58333 0.47749
-16.54167 0.47756
-16.50000 0.47762
-16.45833 0.47768
-16.41667 0.47774
-16.37500 0.47779
-16.33333 0.47784
-16.29167 0.47788
-16.25000 0.47792
-16.20833 0.47796
-16.16667 0.47799
-16.12500 0.47802
-16.08333 0.47805
-16.04167 0.47807
-16.00000 0.47809
-15.95833 0.47810
-15.91667 0.47811
-15.87500 0.47811
-15.83333 0.47811
-15.79167 0.47811
-15.75000 0.47810
-15.70833 0.47809
-15.66667 0.47808
-15.62500 0.47806
-15.58333 0.47803
-15.54167 0.47801
-15.50000 0.47798
-15.45833 0.47794
-15.41667 0.47790
-15.37500 0.47786
-15.33333 0.47781
-15.29167 0.47776
-15.25000 0.47770
-15.20833 0.47764
-15.16667 0.47758
-15.12500 0.47751
-15.08333 0.47744
-15.04167 0.47736
-15.00000 0.47728
-14.95833 0.47720
-14.91667 0.47711
-14.87500 0.47702
-14.83333 0.47692
-14.79167 0.47682
-14.75000 0.47672
-14.70833 0.47661
-14.66667 0.47650
-14.62500 0.47638
-14.58333 0.47626
-14.54167 0.47613
-14.50000 0.47601
-14.45833 0.47587
-14.41667 0.47574
-14.37500 0.47559
-14.33333 0.47545
-14.29167 0.47530
-14.25000 0.47515
-14.20833 0.47499
-14.16667 0.47483
-14.12500 0.47467
-14.08333 0.47450
-14.04167 0.47432
-14.00000 0.47415
-13.95833 0.47397
-13.91667 0.47378
-13.87500 0.47359
-13.83333 0.47340
-13.79167 0.47321
-13.75000 0.47301
-13.70833 0.47280
-13.66667 0.47259
-13.62500 0.47238
-13.58333 0.47217
-13.54167 0.47195
-13.50000 0.47172
-13.45833 0.47150
-13.41667 0.47126
-13.37500 0.47103
-13.33333 0.47079
-13.29167 0.47055
-13.25000 0.47030
-13.20833 0.47005
-13.16667 0.46980
-13.12500 0.46954
-13.08333 0.46928
-13.04167 0.46902
-13.00000 0.46875
-12.95833 0.46847
-12.91667 0.46820
-12.87500 0.46792
-12.83333 0.46764
-12.79167 0.46735
-12.75000 0.46706
-12.70833 0.46677
-12.66667 0.46647
-12.62500 0.46617
-12.58333 0.46586
-12.54167 0.46555
-12.50000 0.46524
-12.45833 0.46493
-12.41667 0.46461
-12.37500 0.46429
-12.33333 0.46396
-12.29167 0.46363
-12.25000 0.46330
-12.20833 0.46297
-12.16667 0.46263
-12.12500 0.46229
-12.08333 0.46194
-12.04167 0.46159
-12.00000 0.46124
-11.95833 0.46089
-11.91667 0.46053
-11.87500 0.46017
-11.83333 0.45980
-11.79167 0.45943
-11.75000 0.45906
-11.70833 0.45869
-11.66667 0.45831
-11.62500 0.45793
-11.58333 0.45755
-11.54167 0.45716
-11.50000 0.45677
-11.45833 0.45638
-11.41667 0.45598
-11.37500 0.45559
-11.33333 0.45519
-11.29167 0.45478
-11.25000 0.45437
-11.20833 0.45396
-11.16667 0.45355
-11.12500 0.45314
-11.08333 0.45272
-11.04167 0.45230
-11.00000 0.45187
-10.95833 0.45145
-10.91667 0.45102
-10.87500 0.45059
-10.83333 0.45015
-10.79167 0.44971
-10.75000 0.44927
-10.70833 0.44883
-10.66667 0.44839
-10.62500 0.44794
-10.58333 0.44749
-10.54167 0.44704
-10.50000 0.44658
-10.45833 0.44612
-10.41667 0.44566
-10.37500 0.44520
-10.33333 0.44474
-10.29167 0.44427
-10.25000 0.44380
-10.20833 0.44333
-10.16667 0.44286
-10.12500 0.44238
-10.08333 0.44190
-10.04167 0.44142
-10.00000 0.44076
-9.95833 0.44187
-9.91667 0.44214
-9.87500 0.44240
-9.83333 0.44266
-9.79167 0.44292
-9.75000 0.44317
-9.70833 0.44342
-9.66667 0.44367
-9.62500 0.44392
-9.58333 0.44417
-9.54167 0.44441
-9.50000 0.44465
-9.45833 0.44488
-9.41667 0.44512
-9.37500 0.44535
-9.33333 0.44558
-9.29167 0.44580
-9.25000 0.44603
-9.20833 0.44625
-9.16667 0.44646
-9.12500 0.44668
-9.08333 0.44689
-9.04167 0.44710
-9.00000 0.44730
-8.95833 0.44751
-8.91667 0.44771
-8.87500 0.44790
-8.83333 0.44810
-8.79167 0.44829
-8.75000 0.44847
-8.70833 0.44866
-8.66667 0.44884
-8.62500 0.44902
-8.58333 0.44919
-8.54167 0.44937
-8.50000 0.44954
-8.45833 0.44970
-8.41667 0.44987
-8.37500 0.45003
-8.33333 0.45018
-8.29167 0.45034
-8.25000 0.45049
-8.20833 0.45063
-8.16667 0.45078
-8.12500 0.45092
-8.08333 0.45105
-8.04167 0.45119
-8.00000 0.45132
-7.95833 0.45144
-7.91667 0.45157
-7.87500 0.45169
-7.83333 0.45180
-7.79167 0.45192
-7.75000 0.45203
-7.70833 0.45213
-7.66667 0.45224
-7.62500 0.45234
-7.58333 0.45243
-7.54167 0.45253
-7.50000 0.45261
-7.45833 0.45270
-7.41667 0.45278
-7.37500 0.45286
-7.33333 0.45294
-7.29167 0.45301
-7.25000 0.45308
-7.20833 0.45314
-7.16667 0.45320
-7.12500 0.45326
-7.08333 0.45331
-7.04167 0.45336
-7.00000 0.45341
-6.95833 0.45345
-6.91667 0.45349
-6.87500 0.45352
-6.83333 0.45355
-6.79167 0.45358
-6.75000 0.45361
-6.70833 0.45363
-6.66667 0.45364
-6.62500 0.45366
-6.58333 0.45366
-6.54167 0.45367
-6.50000 0.45367
-6.45833 0.45367
-6.41667 0.45366
-6.37500 0.45365
-6.33333 0.45364
-6.29167 0.45362
-6.25000 0.45360
-6.20833 0.45358
-6.16667 0.45355
-6.12500 0.45351
-6.08333 0.45348
-6.04167 0.45344
-6.00000 0.45339
-5.95833 0.45335
-5.91667 0.45329
-5.87500 0.45324
-5.83333 0.45318
-5.79167 0.45312
-5.75000 0.45305
-5.70833 0.45298
-5.66667 0.45290
-5.62500 0.45282
-5.58333 0.45274
-5.54167 0.45265
-5.50000 0.45256
-5.45833 0.45247
-5.41667 0.45237
-5.37500 0.45227
-5.33333 0.45216
-5.29167 0.45205
-5.25000 0.45194
-5.20833 0.45182
-5.16667 0.45170
-5.12500 0.45158
-5.08333 0.45145
-5.04167 0.45131
-5.00000 0.45118
-4.95833 0.45104
-4.91667 0.45089
-4.87500 0.45075
-4.83333 0.45059
-4.79167 0.45044
-4.75000 0.45028
-4.70833 0.45011
-4.66667 0.44995
-4.62500 0.44978
-4.58333 0.44960
-4.54167 0.44942
-4.50000 0.44924
-4.45833 0.44905
-4.41667 0.44886
-4.37500 0.44867
-4.33333 0.44847
-4.29167 0.44827
-4.25000 0.44807
-4.20833 0.44786
-4.16667 0.44764
-4.12500 0.44743
-4.08333 0.44721
-4.04167 0.44698
-4.00000 0.44676
-3.95833 0.44653
-3.91667 0.44629
-3.87500 0.44605
-3.83333 0.44581
-3.79167 0.44556
-3.75000 0.44532
-3.70833 0.44506
-3.66667 0.44481
-3.62500 0.44455
-3.58333 0.44428
-3.54167 0.44401
-3.50000 0.44374
-3.45833 0.44347
-3.41667 0.44319
-3.37500 0.44291
-3.33333 0.44263
-3.29167 0.44234
-3.25000 0.44205
-3.20833 0.44175
-3.16667 0.44145
-3.12500 0.44115
-3.08333 0.44084
-3.04167 0.44053
-3.00000 0.44022
-2.95833 0.43991
-2.91667 0.43959
-2.87500 0.43926
-2.83333 0.43894
-2.79167 0.43861
-2.75000 0.43828
-2.70833 0.43794
-2.66667 0.43760
-2.62500 0.43726
-2.58333 0.43692
-2.54167 0.43657
-2.50000 0.43622
-2.45833 0.43586
-2.41667 0.43550
-2.37500 0.43514
-2.33333 0.43478
-2.29167 0.43441
-2.25000 0.43404
-2.20833 0.43367
-2.16667 0.43329
-2.12500 0.43291
-2.08333 0.43253
-2.04167 0.43214
-2.00000 0.43175
-1.95833 0.43136
-1.91667 0.43097
-1.87500 0.43057
-1.83333 0.43017
-1.79167 0.42977
-1.75000 0.42936
-1.70833 0.42896
-1.66667 0.42855
-1.62500 0.42813
-1.58333 0.42771
-1.54167 0.42730
-1.50000 0.42687
-1.45833 0.42645
-1.41667 0.42602
-1.37500 0.42559
-1.33333 0.42516
-1.29167 0.42472
-1.25000 0.42429
-1.20833 0.42385
-1.16667 0.42340
-1.12500 0.42296
-1.08333 0.42251
-1.04167 0.42206
-1.00000 0.42161
-0.95833 0.42115
-0.91667 0.42069
-0.87500 0.42024
-0.83333 0.41977
-0.79167 0.41931
-0.75000 0.41884
-0.70833 0.41837
-0.66667 0.41790
-0.62500 0.41743
-0.58333 0.41695
-0.54167 0.41647
-0.50000 0.41599
-0.45833 0.41551
-0.41667 0.41503
-0.37500 0.41454
-0.33333 0.41405
-0.29167 0.41356
-0.25000 0.41307
-0.20833 0.41258
-0.16667 0.41208
-0.12500 0.41158
-0.08333 0.41108
-0.04167 0.41058
0.00000 0.41007
0.04167 0.41141
0.08333 0.41177
0.12500 0.41213
0.16667 0.41248
0.20833 0.41283
0.25000 0.41318
0.29167 0.41353
0.33333 0.41387
0.37500 0.41422
0.41667 0.41456
0.45833 0.41490
0.50000 0.41524
0.54167 0.41557
0.58333 0.41590
0.62500 0.41624
0.66667 0.41656
0.70833 0.41689
0.75000 0.41722
0.79167 0.41754
0.83333 0.41786
0.87500 0.41818
0.91667 0.41849
0.95833 0.41881
1.00000 0.41912
1.04167 0.41943
1.08333 0.41973
1.12500 0.42004
1.16667 0.42034
1.20833 0.42064
1.25000 0.42094
1.29167 0.42123
1.33333 0.42152
1.37500 0.42181
1.41667 0.42210
1.45833 0.42239
1.50000 0.42267
1.54167 0.42295
1.58333 0.42322
1.62500 0.42350
1.66667 0.42377
1.70833 0.42404
1.75000 0.42431
1.79167 0.42457
1.83333 0.42483
1.87500 0.42509
1.91667 0.42535
1.95833 0.42560
2.00000 0.42585
2.04167 0.42610
2.08333 0.42635
2.12500 0.42659
2.16667 0.42683
2.20833 0.42707
2.25000 0.42730
2.29167 0.42753
2.33333 0.42776
2.37500 0.42799
2.41667 0.42821
2.45833 0.42843
2.50000 0.42865
2.54167 0.42886
2.58333 0.42908
2.62500 0.42928
2.66667 0.42949
2.70833 0.42969
2.75000 0.42989
2.79167 0.43009
2.83333 0.43028
2.87500 0.43047
2.91667 0.43066
2.95833 0.43084
3.00000 0.43102
3.04167 0.43120
3.08333 0.43138
3.12500 0.43155
3.16667 0.43172
3.20833 0.43188
3.25000 0.43205
3.29167 0.43221
3.33333 0.43236
3.37500 0.43252
3.41667 0.43267
3.45833 0.43281
3.50000 0.43296
3.54167 0.43310
3.58333 0.43323
3.62500 0.43337
3.66667 0.43350
3.70833 0.43363
3.75000 0.43375
3.79167 0.43387
3.83333 0.43399
3.87500 0.43410
3.91667 0.43421
3.95833 0.43432
4.00000 0.43442
4.04167 0.43452
4.08333 0.43462
4.12500 0.43472
4.16667 0.43481
4.20833 0.43489
4.25000 0.43498
4.29167 0.43506
4.33333 0.43514
4.37500 0.43521
4.41667 0.43528
4.45833 0.43535
4.50000 0.43541
4.54167 0.43547
4.58333 0.43553
4.62500 0.43558
4.66667 0.43563
4.70833 0.43568
4.75000 0.43572
4.79167 0.43576
4.83333 0.43579
4.87500 0.43583
4.91667 0.43585
4.95833 0.43588
5.00000 0.43590
5.04167 0.43592
5.08333 0.43594
5.12500 0.43595
5.16667 0.43596
5.20833 0.43596
5.25000 0.43596
5.29167 0.43596
5.33333 0.43595
5.37500 0.43594
5.41667 0.43593
5.45833 0.43591
5.50000 0.43589
5.54167 0.43587
5.58333 0.43584
5.62500 0.43581
5.66667 0.43578
5.70833 0.43574
5.75000 0.43570
5.79167 0.43566
5.83333 0.43561
5.87500 0.43556
5.91667 0.43550
5.95833 0.43545
6.00000 0.43538
6.04167 0.43532
6.08333 0.43525
6.12500 0.43518
6.16667 0.43510
6.20833 0.43502
6.25000 0.43494
6.29167 0.43486
6.33333 0.43477
6.37500 0.43467
6.41667 0.43458
6.45833 0.43448
6.50000 0.43438
6.54167 0.43427
6.58333 0.43416
6.62500 0.43405
6.66667 0.43393
6.70833 0.43381
6.75000 0.43369
6.79167 0.43356
6.83333 0.43343
6.87500 0.43330
6.91667 0.43316
6.95833 0.43302
7.00000 0.43288
7.04167 0.43273
7.08333 0.43258
7.12500 0.43242
7.16667 0.43227
7.20833 0.43211
7.25000 0.43195
7.29167 0.43178
7.33333 0.43161
7.37500 0.43144
7.41667 0.43126
7.45833 0.43108
7.50000 0.43090
7.54167 0.43071
7.58333 0.43052
7.62500 0.43033
7.66667 0.43013
7.70833 0.42994
7.75000 0.42973
7.79167 0.42953
7.83333 0.42932
7.87500 0.42911
7.91667 0.42890
7.95833 0.42868
8.00000 0.42846
8.04167 0.42824
8.08333 0.42801
8.12500 0.42778
8.16667 0.42755
8.20833 0.42731
8.25000 0.42707
8.29167 0.42683
8.33333 0.42659
8.37500 0.42634
8.41667 0.42609
8.45833 0.42584
8.50000 0.42558
8.54167 0.42532
8.58333 0.42506
8.62500 0.42480
8.66667 0.42453
8.70833 0.42426
8.75000 0.42399
8.79167 0.42371
8.83333 0.42344
8.87500 0.42315
8.91667 0.42287
8.95833 0.42258
9.00000 0.42229
9.04167 0.42200
9.08333 0.42171
9.12500 0.42141
9.16667 0.42111
9.20833 0.42081
9.25000 0.42050
9.29167 0.42020
9.33333 0.41989
9.37500 0.41957
9.41667 0.41926
9.45833 0.41894
9.50000 0.41862
9.54167 0.41830
9.58333 0.41797
9.62500 0.41765
9.66667 0.41732
9.70833 0.41699
9.75000 0.41665
9.79167 0.41631
9.83333 0.41598
9.87500 0.41563
9.91667 0.41529
9.95833 0.41494
10.00000 0.41458
10.04167 0.41570
10.08333 0.41622
10.12500 0.41673
10.16667 0.41724
10.20833 0.41775
10.25000 0.41826
10.29167 0.41876
10.33333 0.41926
10.37500 0.41976
10.41667 0.42026
10.45833 0.42076
10.50000 0.42126
10.54167 0.42175
10.58333 0.42224
10.62500 0.42273
10.66667 0.42322
10.70833 0.42371
10.75000 0.42419
10.79167 0.42467
10.83333 0.42515
10.87500 0.42563
10.91667 0.42611
10.95833 0.42658
11.00000 0.42705
11.04167 0.42752
11.08333 0.42799
11.12500 0.42845
11.16667 0.42892
11.20833 0.42938
11.25000 0.42983
11.29167 0.43029
11.33333 0.43074
11.37500 0.43120
11.41667 0.43165
11.45833 0.43209
11.50000 0.43254
11.54167 0.43298
11.58333 0.43342
11.62500 0.43386
11.66667 0.43429
11.70833 0.43472
11.75000 0.43515
11.79167 0.43558
11.83333 0.43601
11.87500 0.43643
11.91667 0.43685
11.95833 0.43727
12.00000 0.43768
12.04167 0.43809
12.08333 0.43850
12.12500 0.43891
12.16667 0.43932
12.20833 0.43972
12.25000 0.44012
12.29167 0.44051
12.33333 0.44091
12.37500 0.44130
12.41667 0.44169
12.45833 0.44207
12.50000 0.44246
12.54167 0.44284
12.58333 0.44321
12.62500 0.44359
12.66667 0.44396
12.70833 0.44433
12.75000 0.44469
12.79167 0.44506
12.83333 0.44542
12.87500 0.44577
12.91667 0.44613
12.95833 0.44648
13.00000 0.44683
13.04167 0.44717
13.08333 0.44752
13.12500 0.44786
13.16667 0.44819
13.20833 0.44853
13.25000 0.44886
13.29167 0.44918
13.33333 0.44951
13.37500 0.44983
13.41667 0.45015
13.45833 0.45046
13.50000 0.45078
13.54167 0.45108
13.58333 0.45139
13.62500 0.45169
13.66667 0.45199
13.70833 0.45229
13.75000 0.45258
13.79167 0.45287
13.83333 0.45316
13.87500 0.45344
13.91667 0.45372
13.95833 0.45400
14.00000 0.45427
14.04167 0.45454
14.08333 0.45481
14.12500 0.45507
14.16667 0.45534
14.20833 0.45559
14.25000 0.45585
14.29167 0.45610
14.33333 0.45635
14.37500 0.45659
14.41667 0.45683
14.45833 0.45707
14.50000 0.45730
14.54167 0.45753
14.58333 0.45776
14.62500 0.45799
14.66667 0.45821
14.70833 0.45842
14.75000 0.45864
14.79167 0.45885
14.83333 0.45906
14.87500 0.45926
14.91667 0.45946
14.95833 0.45966
15.00000 0.45985
15.04167 0.46004
15.08333 0.46023
15.12500 0.46041
15.16667 0.46059
15.20833 0.46077
15.25000 0.46094
15.29167 0.46111
15.33333 0.46128
15.37500 0.46144
15.41667 0.46160
15.45833 0.46175
15.50000 0.46190
15.54167 0.46205
15.58333 0.46220
15.62500 0.46234
15.66667 0.46248
15.70833 0.46261
15.75000 0.46275
15.79167 0.46287
15.83333 0.46300
15.87500 0.46312
15.91667 0.46324
15.95833 0.46335
16.00000 0.46346
16.04167 0.46357
16.08333 0.46367
16.12500 0.46377
16.16667 0.46387
16.20833 0.46396
16.25000 0.46405
16.29167 0.46414
16.33333 0.46422
16.37500 0.46430
16.41667 0.46438
16.45833 0.46445
16.50000 0.46452
16.54167 0.46459
16.58333 0.46465
16.62500 0.46471
16.66667 0.46476
16.70833 0.46482
16.75000 0.46486
16.79167 0.46491
16.83333 0.46495
16.87500 0.46499
16.91667 0.46502
16.95833 0.46506
17.00000 0.46508
17.04167 0.46511
17.08333 0.46513
17.12500 0.46515
17.16667 0.46516
17.20833 0.46518
17.25000 0.46518
17.29167 0.46519
17.33333 0.46519
17.37500 0.46519
17.41667 0.46518
17.45833 0.46518
17.50000 0.46516
17.54167 0.46515
17.58333 0.46513
17.62500 0.46511
17.66667 0.46508
17.70833 0.46506
17.75000 0.46502
17.79167 0.46499
17.83333 0.46495
17.87500 0.46491
17.91667 0.46487
17.95833 0.46482
18.00000 0.46477
18.04167 0.46472
18.08333 0.46466
18.12500 0.46460
18.16667 0.46454
18.20833 0.46447
18.25000 0.46440
18.29167 0.46433
18.33333 0.46425
18.37500 0.46417
18.41667 0.46409
18.45833 0.46401
18.50000 0.46392
18.54167 0.46383
18.58333 0.46374
18.62500 0.46364
18.66667 0.46354
18.70833 0.46344
18.75000 0.46333
18.79167 0.46322
18.83333 0.46311
18.87500 0.46300
18.91667 0.46288
18.95833 0.46276
19.00000 0.46264
19.04167 0.46251
19.08333 0.46238
19.12500 0.46225
19.16667 0.46212
19.20833 0.46198
19.25000 0.46184
19.29167 0.46170
19.33333 0.46155
19.37500 0.46140
19.41667 0.46125
19.45833 0.46110
19.50000 0.46094
19.54167 0.46078
19.58333 0.46062
19.62500 0.46045
19.66667 0.46029
19.70833 0.46012
19.75000 0.45994
19.79167 0.45977
19.83333 0.45959
19.87500 0.45941
19.91667 0.45923
19.95833 0.45904
20.00000 0.45883
20.04167 0.45865
20.08333 0.45863
20.12500 0.45860
20.16667 0.45856
20.20833 0.45853
20.25000 0.45849
20.29167 0.45845
20.33333 0.45841
20.37500 0.45836
20.41667 0.45831
20.45833 0.45825
20.50000 0.45820
20.54167 0.45814
20.58333 0.45808
20.62500 0.45801
20.66667 0.45794
20.70833 0.45787
20.75000 0.45779
20.79167 0.45771
20.83333 0.45763
20.87500 0.45755
20.91667 0.45746
20.95833 0.45737
21.00000 0.45727
21.04167 0.45717
21.08333 0.45707
21.12500 0.45697
21.16667 0.45686
21.20833 0.45675
21.25000 0.45663
21.29167 0.45651
21.33333 0.45639
21.37500 0.45627
21.41667 0.45614
21.45833 0.45600
21.50000 0.45587
21.54167 0.45573
21.58333 0.45559
21.62500 0.45544
21.66667 0.45529
21.70833 0.45514
21.75000 0.45499
21.79167 0.45483
21.83333 0.45466
21.87500 0.45450
21.91667 0.45433
21.95833 0.45415
22.00000 0.45398
22.04167 0.45380
22.08333 0.45361
22.12500 0.45342
22.16667 0.45323
22.20833 0.45304
22.25000 0.45284
22.29167 0.45264
22.33333 0.45243
22.37500 0.45222
22.41667 0.45201
22.45833 0.45179
22.50000 0.45157
22.54167 0.45135
22.58333 0.45112
22.62500 0.45089
22.66667 0.45066
22.70833 0.45042
22.75000 0.45018
22.79167 0.44993
22.83333 0.44969
22.87500 0.44943
22.91667 0.44918
22.95833 0.44892
23.00000 0.44865
23.04167 0.44839
23.08333 0.44812
23.12500 0.44784
23.16667 0.44756
23.20833 0.44728
23.25000 0.44700
23.29167 0.44671
23.33333 0.44641
23.37500 0.44612
23.41667 0.44582
23.45833 0.44551
23.50000 0.44521
23.54167 0.44489
23.58333 0.44458
23.62500 0.44426
23.66667 0.44394
23.70833 0.44361
23.75000 0.44328
23.79167 0.44295
23.83333 0.44261
23.87500 0.44227
23.91667 0.44193
23.95833 0.44158
24.00000 0.44123
24.04167 0.44087
24.08333 0.44052
24.12500 0.44015
24.16667 0.43979
24.20833 0.43942
24.25000 0.43904
24.29167 0.43867
24.33333 0.43829
24.37500 0.43790
24.41667 0.43752
24.45833 0.43712
24.50000 0.43673
24.54167 0.43633
24.58333 0.43593
24.62500 0.43552
24.66667 0.43511
24.70833 0.43470
24.75000 0.43429
24.79167 0.43387
24.83333 0.43344
24.87500 0.43302
24.91667 0.43259
24.95833 0.43215
25.00000 0.43171
25.04167 0.43127
25.08333 0.43083
25.12500 0.43038
25.16667 0.42993
25.20833 0.42948
25.25000 0.42902
25.29167 0.42856
25.33333 0.42809
25.37500 0.42762
25.41667 0.42715
25.45833 0.42668
25.50000 0.42620
25.54167 0.42572
25.58333 0.42523
25.62500 0.42474
25.66667 0.42425
25.70833 0.42376
25.75000 0.42326
25.79167 0.42276
25.83333 0.42225
25.87500 0.42175
25.91667 0.42124
25.95833 0.42072
26.00000 0.42020
26.04167 0.41968
26.08333 0.41916
26.12500 0.41863
26.16667 0.41810
26.20833 0.41757
26.25000 0.41703
26.29167 0.41649
26.33333 0.41595
26.37500 0.41541
26.41667 0.41486
26.45833 0.41431
26.50000 0.41375
26.54167 0.41320
26.58333 0.41264
26.62500 0.41207
26.66667 0.41151
26.70833 0.41094
26.75000 0.41037
26.79167 0.40979
26.83333 0.40921
26.87500 0.40863
26.91667 0.40805
26.95833 0.40746
27.00000 0.40688
27.04167 0.40628
27.08333 0.40569
27.12500 0.40509
27.16667 0.40449
27.20833 0.40389
27.25000 0.40329
27.29167 0.40268
27.33333 0.40207
27.37500 0.40146
27.41667 0.40084
27.45833 0.40022
27.50000 0.39960
27.54167 0.39898
27.58333 0.39836
27.62500 0.39773
27.66667 0.39710
27.70833 0.39647
27.75000 0.39583
27.79167 0.39520
27.83333 0.39456
27.87500 0.39392
27.91667 0.39327
27.95833 0.39263
28.00000 0.39198
28.04167 0.39133
28.08333 0.39067
28.12500 0.39002
28.16667 0.38936
28.20833 0.38870
28.25000 0.38804
28.29167 0.38738
28.33333 0.38671
28.37500 0.38604
28.41667 0.38537
28.45833 0.38470
28.50000 0.38403
28.54167 0.38335
28.58333 0.38268
28.62500 0.38200
28.66667 0.38132
28.70833 0.38063
28.75000 0.37995
28.79167 0.37926
28.83333 0.37857
28.87500 0.37788
28.91667 0.37719
28.95833 0.37650
29.00000 0.37580
29.04167 0.37511
29.08333 0.37441
29.12500 0.37371
29.16667 0.37301
29.20833 0.37230
29.25000 0.37160
29.29167 0.37089
29.33333 0.37018
29.37500 0.36948
29.41667 0.36876
29.45833 0.36805
29.50000 0.36734
29.54167 0.36662
29.58333 0.36591
29.62500 0.36519
29.66667 0.36447
29.70833 0.36375
29.75000 0.36303
29.79167 0.36231
29.83333 0.36158
29.87500 0.36086
29.91667 0.36013
29.95833 0.35941
30.00000 0.35848
30.04167 0.36105
30.08333 0.36126
30.12500 0.36147
30.16667 0.36167
30.20833 0.36188
30.25000 0.36208
30.29167 0.36228
30.33333 0.36248
30.37500 0.36268
30.41667 0.36287
30.45833 0.36306
30.50000 0.36325
30.54167 0.36344
30.58333 0.36363
30.62500 0.36381
30.66667 0.36400
30.70833 0.36418
30.75000 0.36436
30.79167 0.36454
30.83333 0.36471
30.87500 0.36488
30.91667 0.36505
30.95833 0.36522
31.00000 0.36539
31.04167 0.36556
31.08333 0.36572
31.12500 0.36588
31.16667 0.36604
31.20833 0.36619
31.25000 0.36635
31.29167 0.36650
31.33333 0.36665
31.37500 0.36680
31.41667 0.36694
31.45833 0.36709
31.50000 0.36723
31.54167 0.36737
31.58333 0.36750
31.62500 0.36764
31.66667 0.36777
31.70833 0.36790
31.75000 0.36803
31.79167 0.36815
31.83333 0.36827
31.87500 0.36840
31.91667 0.36851
31.95833 0.36863
32.00000 0.36874
32.04167 0.36885
32.08333 0.36896
32.12500 0.36907
32.16667 0.36917
32.20833 0.36927
32.25000 0.36937
32.29167 0.36947
32.33333 0.36956
32.37500 0.36965
32.41667 0.36974
32.45833 0.36983
32.50000 0.36991
32.54167 0.37000
32.58333 0.37007
32.62500 0.37015
32.66667 0.37022
32.70833 0.37030
32.75000 0.37036
32.79167 0.37043
32.83333 0.37049
32.87500 0.37055
32.91667 0.37061
32.95833 0.37067
33.00000 0.37072
33.04167 0.37077
33.08333 0.37082
33.12500 0.37086
33.16667 0.37091
33.20833 0.37095
33.25000 0.37098
33.29167 0.37102
33.33333 0.37105
33.37500 0.37108
33.41667 0.37110
33.45833 0.37113
33.50000 0.37115
33.54167 0.37117
33.58333 0.37118
33.62500 0.37119
33.66667 0.37120
33.70833 0.37121
33.75000 0.37122
33.79167 0.37122
33.83333 0.37122
33.87500 0.37121
33.91667 0.37120
33.95833 0.37119
34.00000 0.37118
34.04167 0.37117
34.08333 0.37115
34.12500 0.37113
34.16667 0.37110
34.20833 0.37108
34.25000 0.37105
34.29167 0.37102
34.33333 0.37098
34.37500 0.37094
34.41667 0.37090
34.45833 0.37086
34.50000 0.37081
34.54167 0.37076
34.58333 0.37071
34.62500 0.37065
34.66667 0.37060
34.70833 0.37054
34.75000 0.37047
34.79167 0.37041
34.83333 0.37034
34.87500 0.37026
34.91667 0.37019
34.95833 0.37011
35.00000 0.37003
35.04167 0.36995
35.08333 0.36986
35.12500 0.36977
35.16667 0.36968
35.20833 0.36958
35.25000 0.36948
35.29167 0.36938
35.33333 0.36928
35.37500 0.36917
35.41667 0.36906
35.45833 0.36895
35.50000 0.36883
35.54167 0.36871
35.58333 0.36859
35.62500 0.36847
35.66667 0.36834
35.70833 0.36821
35.75000 0.36808
35.79167 0.36794
35.83333 0.36780
35.87500 0.36766
35.91667 0.36752
35.95833 0.36737
36.00000 0.36722
36.04167 0.36707
36.08333 0.36691
36.12500 0.36676
36.16667 0.36660
36.20833 0.36643
36.25000 0.36626
36.29167 0.36609
36.33333 0.36592
36.37500 0.36575
36.41667 0.36557
36.45833 0.36539
36.50000 0.36521
36.54167 0.36502
36.58333 0.36483
36.62500 0.36464
36.66667 0.36444
36.70833 0.36425
36.75000 0.36405
36.79167 0.36384
36.83333 0.36364
36.87500 0.36343
36.91667 0.36322
36.95833 0.36301
37.00000 0.36279
37.04167 0.36257
37.08333 0.36235
37.12500 0.36213
37.16667 0.36190
37.20833 0.36167
37.25000 0.36144
37.29167 0.36120
37.33333 0.36096
37.37500 0.36072
37.41667 0.36048
37.45833 0.36024
37.50000 0.35999
37.54167 0.35974
37.58333 0.35949
37.62500 0.35923
37.66667 0.35897
37.70833 0.35871
37.75000 0.35845
37.79167 0.35818
37.83333 0.35792
37.87500 0.35765
37.91667 0.35737
37.95833 0.35710
38.00000 0.35682
38.04167 0.35654
38.08333 0.35626
38.12500 0.35597
38.16667 0.35569
38.20833 0.35540
38.25000 0.35511
38.29167 0.35481
38.33333 0.35451
38.37500 0.35422
38.41667 0.35391
38.45833 0.35361
38.50000 0.35330
38.54167 0.35300
38.58333 0.35269
38.62500 0.35237
38.66667 0.35206
38.70833 0.35174
38.75000 0.35142
38.79167 0.35110
38.83333 0.35078
38.87500 0.35045
38.91667 0.35012
38.95833 0.34979
39.00000 0.34946
39.04167 0.34913
39.08333 0.34879
39.12500 0.34845
39.16667 0.34811
39.20833 0.34777
39.25000 0.34743
39.29167 0.34708
39.33333 0.34673
39.37500 0.34638
39.41667 0.34603
39.45833 0.34568
39.50000 0.34532
39.54167 0.34496
39.58333 0.34460
39.62500 0.34424
39.66667 0.34388
39.70833 0.34351
39.75000 0.34314
39.79167 0.34278
39.83333 0.34240
39.87500 0.34203
39.91667 0.34166
39.95833 0.34128
40.00000 0.34077
40.04167 0.34068
40.08333 0.34092
40.12500 0.34115
40.16667 0.34139
40.20833 0.34162
40.25000 0.34186
40.29167 0.34209
40.33333 0.34231
40.37500 0.34254
40.41667 0.34277
40.45833 0.34299
40.50000 0.34321
40.54167 0.34343
40.58333 0.34365
40.62500 0.34387
40.66667 0.34408
40.70833 0.34429
40.75000 0.34450
40.79167 0.34471
40.83333 0.34492
40.87500 0.34512
40.91667 0.34533
40.95833 0.34553
41.00000 0.34573
41.04167 0.34592
41.08333 0.34612
41.12500 0.34631
41.16667 0.34650
41.20833 0.34669
41.25000 0.34688
41.29167 0.34707
41.33333 0.34725
41.37500 0.34743
41.41667 0.34761
41.45833 0.34779
41.50000 0.34796
41.54167 0.34813
41.58333 0.34831
41.62500 0.34847
41.66667 0.34864
41.70833 0.34881
41.75000 0.34897
41.79167 0.34913
41.83333 0.34929
41.87500 0.34944
41.91667 0.34959
41.95833 0.34975
42.00000 0.34990
42.04167 0.35004
42.08333 0.35019
42.12500 0.35033
42.16667 0.35047
42.20833 0.35061
42.25000 0.35074
42.29167 0.35088
42.33333 0.35101
42.37500 0.35114
42.41667 0.35126
42.45833 0.35139
42.50000 0.35151
42.54167 0.35163
42.58333 0.35174
42.62500 0.35186
42.66667 0.35197
42.70833 0.35208
42.75000 0.35219
42.79167 0.35229
42.83333 0.35239
42.87500 0.35249
42.91667 0.35259
42.95833 0.35269
43.00000 0.35278
43.04167 0.35287
43.08333 0.35296
43.12500 0.35304
43.16667 0.35313
43.20833 0.35321
43.25000 0.35328
43.29167 0.35336
43.33333 0.35343
43.37500 0.35350
43.41667 0.35357
43.45833 0.35363
43.50000 0.35370
43.54167 0.35376
43.58333 0.35381
43.62500 0.35387
43.66667 0.35392
43.70833 0.35397
43.75000 0.35402
43.79167 0.35406
43.83333 0.35411
43.87500 0.35415
43.91667 0.35418
43.95833 0.35422
44.00000 0.35425
44.04167 0.35428
44.08333 0.35430
44.12500 0.35433
44.16667 0.35435
44.20833 0.35437
44.25000 0.35438
44.29167 0.35440
44.33333 0.35441
44.37500 0.35442
44.41667 0.35442
44.45833 0.35442
44.50000 0.35442
44.54167 0.35442
44.58333 0.35442
44.62500 0.35441
44.66667 0.35440
44.70833 0.35439
44.75000 0.35437
44.79167 0.35435
44.83333 0.35433
44.87500 0.35431
44.91667 0.35428
44.95833 0.35425
45.00000 0.35422
45.04167 0.35418
45.08333 0.35415
45.12500 0.35411
45.16667 0.35407
45.20833 0.35402
45.25000 0.35397
45.29167 0.35392
45.33333 0.35387
45.37500 0.35381
45.41667 0.35376
45.45833 0.35369
45.50000 0.35363
45.54167 0.35356
45.58333 0.35350
45.62500 0.35342
45.66667 0.35335
45.70833 0.35327
45.75000 0.35319
45.79167 0.35311
45.83333 0.35303
45.87500 0.35294
45.91667 0.35285
45.95833 0.35276
46.00000 0.35266
46.04167 0.35256
46.08333 0.35246
46.12500 0.35236
46.16667 0.35225
46.20833 0.35215
46.25000 0.35203
46.29167 0.35192
46.33333 0.35180
46.37500 0.35169
46.41667 0.35157
46.45833 0.35144
46.50000 0.35132
46.54167 0.35119
46.58333 0.35105
46.62500 0.35092
46.66667 0.35078
46.70833 0.35065
46.75000 0.35050
46.79167 0.35036
46.83333 0.35021
46.87500 0.35006
46.91667 0.34991
46.95833 0.34976
47.00000 0.34960
47.04167 0.34944
47.08333 0.34928
47.12500 0.34912
47.16667 0.34895
47.20833 0.34878
47.25000 0.34861
47.29167 0.34844
47.33333 0.34826
47.37500 0.34808
47.41667 0.34790
47.45833 0.34772
47.50000 0.34754
47.54167 0.34735
47.58333 0.34716
47.62500 0.34697
47.66667 0.34677
47.70833 0.34657
47.75000 0.34637
47.79167 0.34617
47.83333 0.34597
47.87500 0.34576
47.91667 0.34555
47.95833 0.34534
48.00000 0.34513
48.04167 0.34491
48.08333 0.34470
48.12500 0.34448
48.16667 0.34426
48.20833 0.34403
48.25000 0.34381
48.29167 0.34358
48.33333 0.34335
48.37500 0.34311
48.41667 0.34288
48.45833 0.34264
48.50000 0.34240
48.54167 0.34216
48.58333 0.34192
48.62500 0.34167
48.66667 0.34143
48.70833 0.34118
48.75000 0.34093
48.79167 0.34067
48.83333 0.34042
48.87500 0.34016
48.91667 0.33990
48.95833 0.33964
49.00000 0.33938
49.04167 0.33911
49.08333 0.33884
49.12500 0.33857
49.16667 0.33830
49.20833 0.33803
49.25000 0.33776
49.29167 0.33748
49.33333 0.33720
49.37500 0.33692
49.41667 0.33664
49.45833 0.33636
49.50000 0.33607
49.54167 0.33578
49.58333 0.33549
49.62500 0.33520
49.66667 0.33491
49.70833 0.33462
49.75000 0.33432
49.79167 0.33402
49.83333 0.33372
49.87500 0.33342
49.91667 0.33312
49.95833 0.33282
50.00000 0.33199
50.04167 0.33276
50.08333 0.33297
50.12500 0.33317
50.16667 0.33338
50.20833 0.33358
50.25000 0.33377
50.29167 0.33397
50.33333 0.33417
50.37500 0.33436
50.41667 0.33455
50.45833 0.33474
50.50000 0.33493
50.54167 0.33511
50.58333 0.33530
50.62500 0.33548
50.66667 0.33566
50.70833 0.33583
50.75000 0.33601
50.79167 0.33618
50.83333 0.33635
50.87500 0.33652
50.91667 0.33669
50.95833 0.33685
51.00000 0.33702
51.04167 0.33718
51.08333 0.33734
51.12500 0.33749
51.16667 0.33765
51.20833 0.33780
51.25000 0.33795
51.29167 0.33810
51.33333 0.33824
51.37500 0.33839
51.41667 0.33853
51.45833 0.33866
51.50000 0.33880
51.54167 0.33894
51.58333 0.33907
51.62500 0.33920
51.66667 0.33932
51.70833 0.33945
51.75000 0.33957
51.79167 0.33969
51.83333 0.33981
51.87500 0.33993
51.91667 0.34004
51.95833 0.34015
52.00000 0.34026
52.04167 0.34037
52.08333 0.34047
52.12500 0.34057
52.16667 0.34067
52.20833 0.34077
52.25000 0.34086
52.29167 0.34095
52.33333 0.34104
52.37500 0.34113
52.41667 0.34121
52.45833 0.34129
52.50000 0.34137
52.54167 0.34145
52.58333 0.34152
52.62500 0.34159
52.66667 0.34166
52.70833 0.34173
52.75000 0.34179
52.79167 0.34185
52.83333 0.34191
52.87500 0.34197
52.91667 0.34202
52.95833 0.34207
53.00000 0.34212
53.04167 0.34217
53.08333 0.34221
53.12500 0.34225
53.16667 0.34229
53.20833 0.34232
53.25000 0.34235
53.29167 0.34238
53.33333 0.34241
53.37500 0.34244
53.41667 0.34246
53.45833 0.34248
53.50000 0.34249
53.54167 0.34251
53.58333 0.34252
53.62500 0.34253
53.66667 0.34253
53.70833 0.34253
53.75000 0.34253
53.79167 0.34253
53.83333 0.34253
53.87500 0.34252
53.91667 0.34251
53.95833 0.34249
54.00000 0.34248
54.04167 0.34246
54.08333 0.34244
54.12500 0.34241
54.16667 0.34238
54.20833 0.34235
54.25000 0.34232
54.29167 0.34229
54.33333 0.34225
54.37500 0.34221
54.41667 0.34216
54.45833 0.34212
54.50000 0.34207
54.54167 0.34201
54.58333 0.34196
54.62500 0.34190
54.66667 0.34184
54.70833 0.34178
54.75000 0.34171
54.79167 0.34164
54.83333 0.34157
54.87500 0.34150
54.91667 0.34142
54.95833 0.34134
55.00000 0.34126
55.04167 0.34118
55.08333 0.34109
55.12500 0.34100
55.16667 0.34090
55.20833 0.34081
55.25000 0.34071
55.29167 0.34061
55.33333 0.34050
55.37500 0.34040
55.41667 0.34029
55.45833 0.34017
55.50000 0.34006
55.54167 0.33994
55.58333 0.33982
55.62500 0.33970
55.66667 0.33957
55.70833 0.33944
55.75000 0.33931
55.79167 0.33918
55.83333 0.33904
55.87500 0.33890
55.91667 0.33876
55.95833 0.33861
56.00000 0.33847
56.04167 0.33832
56.08333 0.33817
56.12500 0.33801
56.16667 0.33785
56.20833 0.33769
56.25000 0.33753
56.29167 0.33736
56.33333 0.33720
56.37500 0.33702
56.41667 0.33685
56.45833 0.33667
56.50000 0.33650
56.54167 0.33632
56.58333 0.33613
56.62500 0.33595
56.66667 0.33576
56.70833 0.33557
56.75000 0.33537
56.79167 0.33518
56.83333 0.33498
56.87500 0.33478
56.91667 0.33457
56.95833 0.33437
57.00000 0.33416
57.04167 0.33395
57.08333 0.33373
57.12500 0.33352
57.16667 0.33330
57.20833 0.33308
57.25000 0.33286
57.29167 0.33263
57.33333 0.33240
57.37500 0.33217
57.41667 0.33194
57.45833 0.33171
57.50000 0.33147
57.54167 0.33123
57.58333 0.33099
57.62500 0.33075
57.66667 0.33050
57.70833 0.33025
57.75000 0.33000
57.79167 0.32975
57.83333 0.32950
57.87500 0.32924
57.91667 0.32898
57.95833 0.32872
58.00000 0.32845
58.04167 0.32819
58.08333 0.32792
58.12500 0.32765
58.16667 0.32738
58.20833 0.32710
58.25000 0.32683
58.29167 0.32655
58.33333 0.32627
58.37500 0.32599
58.41667 0.32570
58.45833 0.32542
58.50000 0.32513
58.54167 0.32484
58.58333 0.32455
58.62500 0.32425
58.66667 0.32396
58.70833 0.32366
58.75000 0.32336
58.79167 0.32306
58.83333 0.32275
58.87500 0.32245
58.91667 0.32214
58.95833 0.32183
59.00000 0.32152
59.04167 0.32121
59.08333 0.32089
59.12500 0.32058
59.16667 0.32026
59.20833 0.31994
59.25000 0.31962
59.29167 0.31930
59.33333 0.31897
59.37500 0.31865
59.41667 0.31832
59.45833 0.31799
59.50000 0.31766
59.54167 0.31732
59.58333 0.31699
59.62500 0.31665
59.66667 0.31632
59.70833 0.31598
59.75000 0.31564
59.79167 0.31529
59.83333 0.31495
59.87500 0.31461
59.91667 0.31426
59.95833 0.31391
60.00000 0.31315
60.04167 0.31294
60.08333 0.31324
60.12500 0.31354
60.16667 0.31384
60.20833 0.31413
60.25000 0.31443
60.29167 0.31472
60.33333 0.31502
60.37500 0.31531
60.41667 0.31560
60.45833 0.31588
60.50000 0.31617
60.54167 0.31645
60.58333 0.31674
60.62500 0.31702
60.66667 0.31730
60.70833 0.31758
60.75000 0.31785
60.79167 0.31813
60.83333 0.31840
60.87500 0.31867
60.91667 0.31894
60.95833 0.31921
61.00000 0.31948
61.04167 0.31974
61.08333 0.32000
61.12500 0.32027
61.16667 0.32053
61.20833 0.32078
61.25000 0.32104
61.29167 0.32129
61.33333 0.32155
61.37500 0.32180
61.41667 0.32204
61.45833 0.32229
61.50000 0.32254
61.54167 0.32278
61.58333 0.32302
61.62500 0.32326
61.66667 0.32350
61.70833 0.32373
61.75000 0.32397
61.79167 0.32420
61.83333 0.32443
61.87500 0.32465
61.91667 0.32488
61.95833 0.32510
62.00000 0.32532
62.04167 0.32554
62.08333 0.32576
62.12500 0.32598
62.16667 0.32619
62.20833 0.32640
62.25000 0.32661
62.29167 0.32682
62.33333 0.32702
62.37500 0.32722
62.41667 0.32742
62.45833 0.32762
62.50000 0.32782
62.54167 0.32801
62.58333 0.32821
62.62500 0.32840
62.66667 0.32858
62.70833 0.32877
62.75000 0.32895
62.79167 0.32913
62.83333 0.32931
62.87500 0.32949
62.91667 0.32966
62.95833 0.32983
63.00000 0.33000
63.04167 0.33017
63.08333 0.33034
63.12500 0.33050
63.16667 0.33066
63.20833 0.33082
63.25000 0.33097
63.29167 0.33113
63.33333 0.33128
63.37500 0.33143
63.41667 0.33157
63.45833 0.33172
63.50000 0.33186
63.54167 0.33200
63.58333 0.33213
63.62500 0.33227
63.66667 0.33240
63.70833 0.33253
63.75000 0.33266
63.79167 0.33278
63.83333 0.33290
63.87500 0.33302
63.91667 0.33314
63.95833 0.33326
64.00000 0.33337
64.04167 0.33348
64.08333 0.33359
64.12500 0.33369
64.16667 0.33379
64.20833 0.33389
64.25000 0.33399
64.29167 0.33409
64.33333 0.33418
64.37500 0.33427
64.41667 0.33436
64.45833 0.33444
64.50000 0.33452
64.54167 0.33460
64.58333 0.33468
64.62500 0.33476
64.66667 0.33483
64.70833 0.33490
64.75000 0.33496
64.79167 0.33503
64.83333 0.33509
64.87500 0.33515
64.91667 0.33521
64.95833 0.33526
65.00000 0.33532
65.04167 0.33536
65.08333 0.33541
65.12500 0.33546
65.16667 0.33550
65.20833 0.33554
65.25000 0.33557
65.29167 0.33561
65.33333 0.33564
65.37500 0.33567
65.41667 0.33569
65.45833 0.33572
65.50000 0.33574
65.54167 0.33576
65.58333 0.33577
65.62500 0.33579
65.66667 0.33580
65.70833 0.33581
65.75000 0.33581
65.79167 0.33582
65.83333 0.33582
65.87500 0.33581
65.91667 0.33581
65.95833 0.33580
66.00000 0.33579
66.04167 0.33578
66.08333 0.33577
66.12500 0.33575
66.16667 0.33573
66.20833 0.33571
66.25000 0.33568
66.29167 0.33566
66.33333 0.33563
66.37500 0.33559
66.41667 0.33556
66.45833 0.33552
66.50000 0.33548
66.54167 0.33544
66.58333 0.33539
66.62500 0.33535
66.66667 0.33530
66.70833 0.33524
66.75000 0.33519
66.79167 0.33513
66.83333 0.33507
66.87500 0.33501
66.91667 0.33495
66.95833 0.33488
67.00000 0.33481
67.04167 0.33474
67.08333 0.33466
67.12500 0.33459
67.16667 0.33451
67.20833 0.33442
67.25000 0.33434
67.29167 0.33425
67.33333 0.33416
67.37500 0.33407
67.41667 0.33398
67.45833 0.33388
67.50000 0.33378
67.54167 0.33368
67.58333 0.33358
67.62500 0.33348
67.66667 0.33337
67.70833 0.33326
67.75000 0.33314
67.79167 0.33303
67.83333 0.33291
67.87500 0.33279
67.91667 0.33267
67.95833 0.33255
68.00000 0.33242
68.04167 0.33229
68.08333 0.33216
68.12500 0.33203
68.16667 0.33190
68.20833 0.33176
68.25000 0.33162
68.29167 0.33148
68.33333 0.33133
68.37500 0.33119
68.41667 0.33104
68.45833 0.33089
68.50000 0.33074
68.54167 0.33058
68.58333 0.33043
68.62500 0.33027
68.66667 0.33011
68.70833 0.32994
68.75000 0.32978
68.79167 0.32961
68.83333 0.32944
68.87500 0.32927
68.91667 0.32910
68.95833 0.32892
69.00000 0.32875
69.04167 0.32857
69.08333 0.32839
69.12500 0.32820
69.16667 0.32802
69.20833 0.32783
69.25000 0.32764
69.29167 0.32745
69.33333 0.32726
69.37500 0.32706
69.41667 0.32687
69.45833 0.32667
69.50000 0.32647
69.54167 0.32627
69.58333 0.32606
69.62500 0.32586
69.66667 0.32565
69.70833 0.32544
69.75000 0.32523
69.79167 0.32502
69.83333 0.32480
69.87500 0.32459
69.91667 0.32437
69.95833 0.32415
70.00000 0.32384
70.04167 0.32350
70.08333 0.32370
70.12500 0.32391
70.16667 0.32411
70.20833 0.32431
70.25000 0.32451
70.29167 0.32471
70.33333 0.32491
70.37500 0.32510
70.41667 0.32529
70.45833 0.32549
70.50000 0.32567
70.54167 0.32586
70.58333 0.32605
70.62500 0.32623
70.66667 0.32641
70.70833 0.32659
70.75000 0.32677
70.79167 0.32695
70.83333 0.32712
70.87500 0.32729
70.91667 0.32746
70.95833 0.32763
71.00000 0.32779
71.04167 0.32796
71.08333 0.32812
71.12500 0.32828
71.16667 0.32844
71.20833 0.32860
71.25000 0.32875
71.29167 0.32890
71.33333 0.32905
71.37500 0.32920
71.41667 0.32934
71.45833 0.32949
71.50000 0.32963
71.54167 0.32977
71.58333 0.32991
71.62500 0.33004
71.66667 0.33017
71.70833 0.33030
71.75000 0.33043
71.79167 0.33056
71.83333 0.33068
71.87500 0.33080
71.91667 0.33092
71.95833 0.33104
72.00000 0.33116
72.04167 0.33127
72.08333 0.33138
72.12500 0.33149
72.16667 0.33160
72.20833 0.33170
72.25000 0.33180
72.29167 0.33190
72.33333 0.33200
72.37500 0.33209
72.41667 0.33218
72.45833 0.33227
72.50000 0.33236
72.54167 0.33245
72.58333 0.33253
72.62500 0.33261
72.66667 0.33269
72.70833 0.33276
72.75000 0.33284
72.79167 0.33291
72.83333 0.33298
72.87500 0.33304
72.91667 0.33311
72.95833 0.33317
73.00000 0.33323
73.04167 0.33328
73.08333 0.33334
73.12500 0.33339
73.16667 0.33344
73.20833 0.33349
73.25000 0.33353
73.29167 0.33357
73.33333 0.33361
73.37500 0.33365
73.41667 0.33368
73.45833 0.33371
73.50000 0.33374
73.54167 0.33377
73.58333 0.33379
73.62500 0.33381
73.66667 0.33383
73.70833 0.33385
73.75000 0.33386
73.79167 0.33388
73.83333 0.33388
73.87500 0.33389
73.91667 0.33390
73.95833 0.33390
74.00000 0.33390
74.04167 0.33389
74.08333 0.33389
74.12500 0.33388
74.16667 0.33387
74.20833 0.33385
74.25000 0.33384
74.29167 0.33382
74.33333 0.33379
74.37500 0.33377
74.41667 0.33374
74.45833 0.33371
74.50000 0.33368
74.54167 0.33365
74.58333 0.33361
74.62500 0.33357
74.66667 0.33353
74.70833 0.33348
74.75000 0.33344
74.79167 0.33339
74.83333 0.33334
74.87500 0.33328
74.91667 0.33322
74.95833 0.33316
75.00000 0.33310
75.04167 0.33304
75.08333 0.33297
75.12500 0.33290
75.16667 0.33282
75.20833 0.33275
75.25000 0.33267
75.29167 0.33259
75.33333 0.33251
75.37500 0.33242
75.41667 0.33233
75.45833 0.33224
75.50000 0.33215
75.54167 0.33205
75.58333 0.33196
75.62500 0.33186
75.66667 0.33175
75.70833 0.33165
75.75000 0.33154
75.79167 0.33143
75.83333 0.33132
75.87500 0.33120
75.91667 0.33108
75.95833 0.33096
76.00000 0.33084
76.04167 0.33071
76.08333 0.33058
76.12500 0.33045
76.16667 0.33032
76.20833 0.33019
76.25000 0.33005
76.29167 0.32991
76.33333 0.32977
76.37500 0.32962
76.41667 0.32947
76.45833 0.32932
76.50000 0.32917
76.54167 0.32902
76.58333 0.32886
76.62500 0.32870
76.66667 0.32854
76.70833 0.32837
76.75000 0.32821
76.79167 0.32804
76.83333 0.32787
76.87500 0.32769
76.91667 0.32752
76.95833 0.32734
77.00000 0.32716
77.04167 0.32698
77.08333 0.32679
77.12500 0.32661
77.16667 0.32642
77.20833 0.32623
77.25000 0.32603
77.29167 0.32584
77.33333 0.32564
77.37500 0.32544
77.41667 0.32524
77.45833 0.32503
77.50000 0.32482
77.54167 0.32461
77.58333 0.32440
77.62500 0.32419
77.66667 0.32397
77.70833 0.32376
77.75000 0.32354
77.79167 0.32332
77.83333 0.32309
77.87500 0.32287
77.91667 0.32264
77.95833 0.32241
78.00000 0.32218
78.04167 0.32194
78.08333 0.32171
78.12500 0.32147
78.16667 0.32123
78.20833 0.32099
78.25000 0.32074
78.29167 0.32050
78.33333 0.32025
78.37500 0.32000
78.41667 0.31975
78.45833 0.31949
78.50000 0.31924
78.54167 0.31898
78.58333 0.31872
78.62500 0.31846
78.66667 0.31820
78.70833 0.31793
78.75000 0.31767
78.79167 0.31740
78.83333 0.31713
78.87500 0.31686
78.91667 0.31658
78.95833 0.31631
79.00000 0.31603
79.04167 0.31575
79.08333 0.31547
79.12500 0.31519
79.16667 0.31490
79.20833 0.31462
79.25000 0.31433
79.29167 0.31404
79.33333 0.31375
79.37500 0.31346
79.41667 0.31317
79.45833 0.31287
79.50000 0.31258
79.54167 0.31228
79.58333 0.31198
79.62500 0.31168
79.66667 0.31137
79.70833 0.31107
79.75000 0.31076
79.79167 0.31046
79.83333 0.31015
79.87500 0.30984
79.91667 0.30953
79.95833 0.30921
80.00000 0.30902
80.04167 0.30846
80.08333 0.30848
80.12500 0.30849
80.16667 0.30851
80.20833 0.30852
80.25000 0.30853
80.29167 0.30854
80.33333 0.30854
80.37500 0.30855
80.41667 0.30855
80.45833 0.30855
80.50000 0.30854
80.54167 0.30854
80.58333 0.30853
80.62500 0.30852
80.66667 0.30851
80.70833 0.30849
80.75000 0.30848
80.79167 0.30846
80.83333 0.30844
80.87500 0.30841
80.91667 0.30839
80.95833 0.30836
81.00000 0.30833
81.04167 0.30829
81.08333 0.30826
81.12500 0.30822
81.16667 0.30818
81.20833 0.30814
81.25000 0.30809
81.29167 0.30805
81.33333 0.30800
81.37500 0.30794
81.41667 0.30789
81.45833 0.30783
81.50000 0.30777
81.54167 0.30771
81.58333 0.30765
81.62500 0.30758
81.66667 0.30751
81.70833 0.30744
81.75000 0.30736
81.79167 0.30729
81.83333 0.30721
81.87500 0.30712
81.91667 0.30704
81.95833 0.30695
82.00000 0.30686
82.04167 0.30677
82.08333 0.30668
82.12500 0.30658
82.16667 0.30648
82.20833 0.30638
82.25000 0.30627
82.29167 0.30616
82.33333 0.30605
82.37500 0.30594
82.41667 0.30583
82.45833 0.30571
82.50000 0.30559
82.54167 0.30546
82.58333 0.30534
82.62500 0.30521
82.66667 0.30508
82.70833 0.30494
82.75000 0.30481
82.79167 0.30467
82.83333 0.30453
82.87500 0.30438
82.91667 0.30424
82.95833 0.30409
83.00000 0.30394
83.04167 0.30378
83.08333 0.30362
83.12500 0.30346
83.16667 0.30330
83.20833 0.30314
83.25000 0.30297
83.29167 0.30280
83.33333 0.30263
83.37500 0.30245
83.41667 0.30227
83.45833 0.30209
83.50000 0.30191
83.54167 0.30172
83.58333 0.30153
83.62500 0.30134
83.66667 0.30115
83.70833 0.30095
83.75000 0.30075
83.79167 0.30055
83.83333 0.30034
83.87500 0.30013
83.91667 0.29992
83.95833 0.29971
84.00000 0.29950
84.04167 0.29928
84.08333 0.29906
84.12500 0.29884
84.16667 0.29861
84.20833 0.29838
84.25000 0.29815
84.29167 0.29792
84.33333 0.29768
84.37500 0.29744
84.41667 0.29720
84.45833 0.29696
84.50000 0.29671
84.54167 0.29646
84.58333 0.29621
84.62500 0.29596
84.66667 0.29570
84.70833 0.29544
84.75000 0.29518
84.79167 0.29491
84.83333 0.29465
84.87500 0.29438
84.91667 0.29411
84.95833 0.29383
85.00000 0.29356
85.04167 0.29328
85.08333 0.29299
85.12500 0.29271
85.16667 0.29242
85.20833 0.29213
85.25000 0.29184
85.29167 0.29155
85.33333 0.29125
85.37500 0.29095
85.41667 0.29065
85.45833 0.29035
85.50000 0.29004
85.54167 0.28974
85.58333 0.28942
85.62500 0.28911
85.66667 0.28880
85.70833 0.28848
85.75000 0.28816
85.79167 0.28784
85.83333 0.28751
85.87500 0.28719
85.91667 0.28686
85.95833 0.28652
86.00000 0.28619
86.04167 0.28586
86.08333 0.28552
86.12500 0.28518
86.16667 0.28483
86.20833 0.28449
86.25000 0.28414
86.29167 0.28379
86.33333 0.28344
86.37500 0.28309
86.41667 0.28273
86.45833 0.28238
86.50000 0.28202
86.54167 0.28166
86.58333 0.28129
86.62500 0.28093
86.66667 0.28056
86.70833 0.28019
86.75000 0.27982
86.79167 0.27944
86.83333 0.27907
86.87500 0.27869
86.91667 0.27831
86.95833 0.27793
87.00000 0.27754
87.04167 0.27716
87.08333 0.27677
87.12500 0.27638
87.16667 0.27599
87.20833 0.27560
87.25000 0.27520
87.29167 0.27481
87.33333 0.27441
87.37500 0.27401
87.41667 0.27361
87.45833 0.27320
87.50000 0.27280
87.54167 0.27239
87.58333 0.27198
87.62500 0.27157
87.66667 0.27116
87.70833 0.27074
87.75000 0.27033
87.79167 0.26991
87.83333 0.26949
87.87500 0.26907
87.91667 0.26865
87.95833 0.26823
88.00000 0.26780
88.04167 0.26738
88.08333 0.26695
88.12500 0.26652
88.16667 0.26609
88.20833 0.26566
88.25000 0.26522
88.29167 0.26479
88.33333 0.26435
88.37500 0.26391
88.41667 0.26348
88.45833 0.26303
88.50000 0.26259
88.54167 0.26215
88.58333 0.26171
88.62500 0.26126
88.66667 0.26081
88.70833 0.26036
88.75000 0.25991
88.79167 0.25946
88.83333 0.25901
88.87500 0.25856
88.91667 0.25811
88.95833 0.25765
89.00000 0.25719
89.04167 0.25674
89.08333 0.25628
89.12500 0.25582
89.16667 0.25536
89.20833 0.25489
89.25000 0.25443
89.29167 0.25397
89.33333 0.25350
89.37500 0.25304
89.41667 0.25257
89.45833 0.25210
89.50000 0.25163
89.54167 0.25117
89.58333 0.25070
89.62500 0.25022
89.66667 0.24975
89.70833 0.24928
89.75000 0.24881
89.79167 0.24833
89.83333 0.24786
89.87500 0.24738
89.91667 0.24690
89.95833 0.24642
90.00000 0.24485
90.04167 0.24507
90.08333 0.24529
90.12500 0.24551
90.16667 0.24573
90.20833 0.24594
90.25000 0.24616
90.29167 0.24637
90.33333 0.24658
90.37500 0.24679
90.41667 0.24700
90.45833 0.24720
90.50000 0.24741
90.54167 0.24761
90.58333 0.24781
90.62500 0.24801
90.66667 0.24821
90.70833 0.24841
90.75000 0.24860
90.79167 0.24880
90.83333 0.24899
90.87500 0.24918
90.91667 0.24937
90.95833 0.24955
91.00000 0.24974
91.04167 0.24992
91.08333 0.25010
91.12500 0.25028
91.16667 0.25046
91.20833 0.25064
91.25000 0.25081
91.29167 0.25099
91.33333 0.25116
91.37500 0.25133
91.41667 0.25150
91.45833 0.25166
91.50000 0.25182
91.54167 0.25199
91.58333 0.25215
91.62500 0.25230
91.66667 0.25246
91.70833 0.25261
91.75000 0.25277
91.79167 0.25292
91.83333 0.25307
91.87500 0.25321
91.91667 0.25336
91.95833 0.25350
92.00000 0.25364
92.04167 0.25378
92.08333 0.25391
92.12500 0.25405
92.16667 0.25418
92.20833 0.25431
92.25000 0.25444
92.29167 0.25456
92.33333 0.25469
92.37500 0.25481
92.41667 0.25493
92.45833 0.25505
92.50000 0.25516
92.54167 0.25527
92.58333 0.25539
92.62500 0.25549
92.66667 0.25560
92.70833 0.25570
92.75000 0.25581
92.79167 0.25591
92.83333 0.25600
92.87500 0.25610
92.91667 0.25619
92.95833 0.25628
93.00000 0.25637
93.04167 0.25646
93.08333 0.25654
93.12500 0.25662
93.16667 0.25670
93.20833 0.25678
93.25000 0.25686
93.29167 0.25693
93.33333 0.25700
93.37500 0.25707
93.41667 0.25713
93.45833 0.25719
93.50000 0.25725
93.54167 0.25731
93.58333 0.25737
93.62500 0.25742
93.66667 0.25747
93.70833 0.25752
93.75000 0.25757
93.79167 0.25761
93.83333 0.25765
93.87500 0.25769
93.91667 0.25773
93.95833 0.25776
94.00000 0.25780
94.04167 0.25783
94.08333 0.25785
94.12500 0.25788
94.16667 0.25790
94.20833 0.25792
94.25000 0.25794
94.29167 0.25795
94.33333 0.25796
94.37500 0.25797
94.41667 0.25798
94.45833 0.25798
94.50000 0.25799
94.54167 0.25799
94.58333 0.25799
94.62500 0.25798
94.66667 0.25797
94.70833 0.25796
94.75000 0.25795
94.79167 0.25794
94.83333 0.25792
94.87500 0.25790
94.91667 0.25788
94.95833 0.25785
95.00000 0.25783
95.04167 0.25780
95.08333 0.25776
95.12500 0.25773
95.16667 0.25769
95.20833 0.25765
95.25000 0.25761
95.29167 0.25757
95.33333 0.25752
95.37500 0.25747
95.41667 0.25742
95.45833 0.25737
95.50000 0.25731
95.54167 0.25725
95.58333 0.25719
95.62500 0.25712
95.66667 0.25706
95.70833 0.25699
95.75000 0.25692
95.79167 0.25685
95.83333 0.25677
95.87500 0.25669
95.91667 0.25661
95.95833 0.25653
96.00000 0.25644
96.04167 0.25636
96.08333 0.25627
96.12500 0.25617
96.16667 0.25608
96.20833 0.25598
96.25000 0.25588
96.29167 0.25578
96.33333 0.25568
96.37500 0.25557
96.41667 0.25546
96.45833 0.25535
96.50000 0.25524
96.54167 0.25512
96.58333 0.25500
96.62500 0.25488
96.66667 0.25476
96.70833 0.25464
96.75000 0.25451
96.79167 0.25438
96.83333 0.25425
96.87500 0.25412
96.91667 0.25398
96.95833 0.25384
97.00000 0.25370
97.04167 0.25356
97.08333 0.25342
97.12500 0.25327
97.16667 0.25312
97.20833 0.25297
97.25000 0.25282
97.29167 0.25267
97.33333 0.25251
97.37500 0.25235
97.41667 0.25219
97.45833 0.25203
97.50000 0.25186
97.54167 0.25169
97.58333 0.25153
97.62500 0.25135
97.66667 0.25118
97.70833 0.25101
97.75000 0.25083
97.79167 0.25065
97.83333 0.25047
97.87500 0.25029
97.91667 0.25010
97.95833 0.24992
98.00000 0.24973
98.04167 0.24954
98.08333 0.24935
98.12500 0.24915
98.16667 0.24896
98.20833 0.24876
98.25000 0.24856
98.29167 0.24836
98.33333 0.24816
98.37500 0.24795
98.41667 0.24774
98.45833 0.24754
98.50000 0.24733
98.54167 0.24711
98.58333 0.24690
98.62500 0.24669
98.66667 0.24647
98.70833 0.24625
98.75000 0.24603
98.79167 0.24581
98.83333 0.24559
98.87500 0.24536
98.91667 0.24514
98.95833 0.24491
99.00000 0.24468
99.04167 0.24445
99.08333 0.24422
99.12500 0.24398
99.16667 0.24375
99.20833 0.24351
99.25000 0.24327
99.29167 0.24303
99.33333 0.24279
99.37500 0.24255
99.41667 0.24231
99.45833 0.24206
99.50000 0.24182
99.54167 0.24157
99.58333 0.24132
99.62500 0.24107
99.66667 0.24082
99.70833 0.24056
99.75000 0.24031
99.79167 0.24005
99.83333 0.23980
99.87500 0.23954
99.91667 0.23928
99.95833 0.23902
100.00000 0.23849
