-11.62714
34.72036
-34.12531
-6.40134
19.86491
-126.91768
-0.31327
35.61412
-14.56689
1.37430
-14.23249
-8.52501
-14.62451
39.79184
108.14951
-1.35930
25.80824
-10.32439
31.97792
-35.93296
20.04416
16.29222
-39.07819
2.75850
-13.99244
17.49639
-29.58411
66.47643
116.74217
20.83621
-14.42079
1.57112
-46.35306
-20.65606
138.91090
67.61671
-6.60006
-27.23834
-20.25129
74.04812
39.27399
-0.42904
-34.34584
123.82675
-17.04369
49.91597
-5.04732
-11.90087
-2.50105
30.97756
59.92204
2.01712
16.21448
26.99814
61.99068
-7.29177
-203.80571
15.18029
46.80196
145.25381
0.03196
16.86530
-3.93784
93.60297
-26.74202
99.67561
-12.60209
-6.10276
27.76739
13.72541
-13.27247
39.09962
-23.24095
105.67734
55.37785
-5.91939
6.75794
-4.58050
75.05073
0.37100
-0.41130
-23.53827
-2.74967
-5.48932
9.72111
-9.88137
-18.46745
171.65128
-5.73022
2.62915
-1.20328
29.14707
-4.37455
61.15673
-17.89510
43.42272
-15.11025
146.39284
-17.05170
46.32652
5.69502
-11.89846
-6.84881
-17.26107
11.10371
52.31825
11.68223
-13.66188
110.34152
56.85451
44.72301
13.20849
54.35576
39.62221
-13.04554
9.98580
-9.61004
3.80665
-14.45544
37.14257
14.38664
-15.12859
-5.36218
-10.94913
-7.97369
0.33578
-23.48152
-6.43366
57.78682
57.42972
37.19577
20.14040
-50.50599
-4.21182
-22.84540
-20.58161
-3.26348
0.40956
-44.34211
-16.38855
-22.54959
-12.96292
14.80325
0.07692
-4.51640
25.01340
-14.05156
-118.94899
4.20760
-13.64866
37.21719
107.95939
-22.59957
-28.77096
49.93920
-26.89097
-105.26206
-11.80145
-19.07328
-23.40141
-19.15626
-3.90327
7.95546
-25.97526
17.19984
61.49523
-14.14254
-9.91749
-4.30800
172.31195
36.91790
3.22711
2.69996
-31.84631
-16.36670
116.97382
3.75271
37.89105
-14.21039
106.46354
0.26811
13.51322
-17.03493
-16.03861
-11.25269
61.57594
36.62060
-16.33965
-12.83729
93.51087
-12.78615
-19.29775
-40.53440
23.18176
65.54841
-7.08712
42.62808
-4.37920
47.33413
13.99809
69.95397
-21.85448
-1.26141
-11.24646
-12.19573
18.41194
19.27002
-41.12593
-14.84622
63.19053
-11.91486
-10.02446
-18.71623
8.95189
-14.38375
-22.73865
22.64511
-17.03692
47.49157
-1.52231
73.47943
67.93118
-9.05875
-14.42191
-14.31006
-11.40570
-25.08194
5.63833
34.09921
-1.54887
40.94940
10.58291
-45.44705
-15.97312
-35.23735
25.64975
11.05631
-11.76411
91.66780
69.54049
2.42796
35.94827
-14.01869
-26.39035
-7.80608
15.53914
-42.23249
22.75504
-51.37712
-13.23422
189.17389
23.88890
144.17023
19.87061
-11.83026
70.45130
113.58398
-23.35915
63.48934
-13.89274
-33.79529
-18.31745
7.32756
43.54466
-20.17990
-17.11013
-9.23520
-46.61834
-15.72075
13.62986
-25.55865
-1.83457
71.04526
39.99934
-17.17153
17.17860
0.83026
-2.72166
29.23118
-4.01444
-37.80236
-12.88623
-17.08515
-1.30724
-11.93460
3.77340
-3.83959
-3.29302
-17.69788
7.44586
-2.16203
61.63066
-32.53385
-0.36743
3.57626
4.27139
-1.49563
18.25666
-10.62210
-11.78179
-13.15057
-43.30318
186.47034
-40.10565
-6.75115
24.52971
-26.84425
-2.65288
-9.80844
-9.23878
-17.90000
138.01846
57.27757
15.57624
10.75664
-3.44917
-3.20410
-18.39232
-27.80647
-10.79980
17.96005
22.18694
-24.39933
-102.01942
111.85198
-5.65861
-16.27867
-79.65711
31.08011
-14.60448
126.29594
1.18302
76.55490
50.53588
11.60898
63.40169
-15.95626
25.86690
-10.37205
11.47014
30.45048
10.79787
-5.50997
17.75332
54.89074
22.38793
-15.42892
-18.77030
1.42456
10.65640
16.16540
-2.37406
31.01328
22.01980
-11.74255
6.72190
-9.38563
-30.46403
50.16930
-13.22517
-11.23422
11.44508
34.86234
-16.27396
91.72235
135.54138
46.36986
-34.02821
-17.77766
-18.72153
28.43026
18.12792
-25.85875
10.46252
40.22759
6.13036
12.76636
169.86124
43.86198
3.19761
-17.14339
93.86088
-15.89764
-13.12848
192.57871
-20.85437
33.39705
143.19418
-14.58278
-16.64893
-16.00757
5.97529
-46.27207
-20.87479
-24.05344
-15.71902
-34.51866
37.27947
55.61397
34.47313
139.15571
66.76642
-44.84113
44.85686
-9.41702
-6.95060
-12.52675
57.60753
-1.48247
-20.99989
57.72837
23.67321
-15.24406
-29.67579
-28.40067
5.65904
25.29156
-1.69198
42.94459
-3.74165
-7.29204
-24.88961
-29.06266
-12.05536
-17.80038
96.98959
-41.89507
5.26190
0.34243
27.94207
-8.31705
-12.49060
-17.75737
-15.23094
-28.99807
142.19640
9.43316
-1.33782
-7.78939
5.95066
26.44552
4.94513
-18.45053
-32.43837
-83.37663
40.10335
25.69059
-43.49285
-8.17568
-10.31956
20.56601
-9.67072
-8.09317
-10.97850
-12.27932
48.22548
116.73860
52.31180
-11.37890
-10.09181
-18.86215
-37.10217
-11.58941
-3.40984
-65.34686
5.40174
47.62235
-1.65118
61.95181
-31.89016
50.98514
13.14134
-4.56969
35.23446
-10.04523
17.49321
-41.81161
-20.68068
71.48871
-12.02002
-4.86256
4.38895
-9.63963
50.78648
-4.75509
-81.23646
66.14793
11.13629
5.62652
25.78844
-39.08574
1.24571
-19.46107
-21.86502
-42.89981
-24.74177
-20.41508
-18.62359
-15.16900
21.70529
