-67.41667
-77.41667
-76.12500
-38.16667
-39.79167
-78.79167
-77.50000
-38.87500
-68.29167
-38.37500
-86.54167
-47.00000
-55.54167
-45.95833
-70.04167
-84.91667
-39.62500
-75.45833
-79.37500
-70.12500
-69.33333
-69.45833
-67.45833
-47.50000
-75.62500
-70.50000
51.33333
-69.25000
-84.00000
-86.20833
-65.29167
-86.95833
-75.62500
-69.37500
-78.29167
-38.66667
-88.58333
-76.62500
-88.58333
-47.50000
-55.50000
-46.33333
-45.79167
-47.50000
-45.50000
-34.75000
-58.41667
-44.79167
-68.12500
-70.87500
-90.08333
-78.50000
-68.50000
-75.87500
-37.50000
-65.79167
-64.79167
-35.54167
-46.95833
-78.20833
-68.83333
-77.33333
-77.00000
-37.33333
20.33333
-37.50000
-71.00000
-47.91667
-87.83333
-69.75000
-69.83333
-69.12500
-69.00000
-69.79167
-66.45833
-48.95833
-39.29167
-45.62500
-30.04167
-78.12500
-86.50000
-47.50000
-48.41667
-64.91667
-25.87500
-50.25000
-59.83333
-65.66667
-66.62500
-66.83333
-68.41667
-46.95833
-69.25000
-68.75000
-78.95833
12.45833
-45.79167
46.58333
-76.95833
-86.91667
-69.87500
-68.12500
-70.33333
-69.04167
-58.20833
-65.91667
-38.29167
-29.25000
-67.54167
-76.08333
-77.50000
-5.50000
-68.50000
-65.12500
-85.54167
-69.08333
-54.20833
-48.87500
-66.37500
-55.45833
-74.54167
-69.50000
-45.33333
-67.87500
-86.45833
-45.75000
-67.50000
-64.20833
-76.95833
-45.79167
-74.66667
-45.75000
-65.33333
-45.33333
-71.20833
-73.91667
-77.08333
-75.41667
-45.75000
-76.08333
-76.37500
-74.45833
-69.79167
-87.58333
-56.12500
-67.50000
-67.54167
-68.70833
-46.20833
-56.00000
-69.00000
-35.91667
-75.54167
-39.33333
-66.37500
-16.16667
-68.58333
-75.54167
-66.62500
-87.08333
-76.66667
-64.41667
-74.66667
-68.70833
-77.29167
14.04167
-75.54167
-76.08333
-45.95833
-75.16667
-79.91667
-17.45833
-75.20833
-73.87500
-69.62500
-59.12500
-38.95833
-69.83333
-50.83333
-45.45833
-77.50000
-59.83333
-75.95833
-77.62500
-77.87500
-77.25000
-67.50000
-46.16667
-60.04167
-48.91667
-77.00000
-55.16667
-69.45833
-75.33333
-57.70833
-75.83333
-87.91667
-68.37500
-46.75000
-40.37500
-34.95833
-75.45833
-59.70833
-37.45833
-8.37500
-44.54167
-88.66667
-76.50000
-47.45833
-75.95833
-39.00000
-49.45833
-70.04167
-66.83333
-66.29167
-86.66667
-38.70833
-46.87500
-69.00000
-68.79167
-67.50000
-49.50000
-48.37500
-87.54167
-47.37500
-86.79167
-85.00000
-75.29167
-46.37500
-77.12500
-68.41667
-37.62500
-68.41667
5.50000
-68.12500
-66.50000
-64.50000
-68.83333
-68.45833
-89.83333
-78.91667
-77.50000
-84.45833
-44.20833
-85.75000
-74.04167
-38.20833
-68.37500
-67.00000
-79.16667
-68.25000
-69.83333
-35.50000
-39.79167
-46.08333
-70.00000
-68.54167
-38.29167
-68.54167
-69.58333
-28.95833
-77.95833
-55.41667
-49.20833
-74.91667
42.50000
-47.45833
-69.62500
-75.91667
-47.37500
-45.70833
-76.37500
-74.95833
-68.54167
-38.45833
-85.12500
-45.87500
-75.75000
-78.41667
-37.87500
-73.79167
-76.04167
-49.62500
-75.20833
-77.50000
-66.45833
-39.20833
-16.08333
-88.16667
-86.79167
-55.37500
-68.04167
-60.54167
-75.37500
-79.54167
-48.66667
-75.95833
-76.25000
-45.20833
-75.45833
-69.33333
-76.50000
-49.58333
-68.79167
-86.41667
-45.45833
-74.62500
-46.08333
-87.50000
-68.62500
-65.12500
-47.25000
-75.37500
-77.91667
-35.41667
-30.16667
-68.12500
-77.20833
